position	distance	allele0	allele1
N/A	5.62814e-11	1	1.34826
N/A	5.62814e-11	1	1.50066
N/A	5.02512e-05	1	1.31914
N/A	5.02512e-05	1	1.26615
N/A	5.02512e-05	1	1.39879
N/A	5.02512e-05	1	1.15502
N/A	5.02512e-05	1	1.03818
N/A	5.02512e-05	1	1.18215
N/A	5.02512e-05	1	1.39043
N/A	5.02512e-05	1	1.23886
N/A	5.02512e-05	1	1.55889
N/A	5.02512e-05	1	1.04793
N/A	5.02512e-05	1	1.36438
N/A	5.02512e-05	1	1.30449
N/A	5.02512e-05	1	1.18131
N/A	5.02512e-05	1	1.30356
N/A	5.02512e-05	1	1.39715
N/A	5.02512e-05	1	1.38288
N/A	5.02512e-05	1	1.16592
N/A	5.02512e-05	1	0.979155
N/A	5.02512e-05	1	1.00718
N/A	5.02512e-05	1	1.01465
N/A	5.02512e-05	1	1.23798
N/A	5.02512e-05	1	1.14132
N/A	5.02512e-05	1	1.32194
N/A	5.02512e-05	1	0.892932
N/A	5.02512e-05	1	1.257
N/A	5.02512e-05	1	1.23149
N/A	5.02512e-05	1	1.4425
N/A	5.02512e-05	1	1.33441
N/A	5.02512e-05	1	1.21396
N/A	5.02512e-05	1	0.937718
N/A	5.02512e-05	1	1.40935
N/A	5.02512e-05	1	0.950408
N/A	5.02512e-05	1	1.30752
N/A	5.02512e-05	1	1.08813
N/A	5.02512e-05	1	1.00961
N/A	5.02512e-05	1	1.1834
N/A	5.02512e-05	1	0.883892
N/A	5.02512e-05	1	1.2574
N/A	5.02512e-05	1	1.10098
N/A	5.02512e-05	1	1.20871
N/A	5.02512e-05	1	1.09242
N/A	5.02512e-05	1	1.17472
N/A	5.02512e-05	1	1.34692
N/A	5.02512e-05	1	0.716825
N/A	5.02512e-05	1	1.02594
N/A	5.02512e-05	1	1.03919
N/A	5.02512e-05	1	1.21998
N/A	5.02512e-05	1	1.0029
N/A	5.02512e-05	1	1.37877
N/A	5.02512e-05	1	1.2405
N/A	5.02512e-05	1	1.30649
N/A	5.02512e-05	1	1.35667
N/A	5.02512e-05	1	1.13448
N/A	5.02512e-05	1	1.49083
N/A	5.02512e-05	1	1.36642
N/A	5.02512e-05	1	1.20491
N/A	5.02512e-05	1	1.02486
N/A	0.000100002	1	0.915605
N/A	0.000100002	1	1.20685
N/A	0.000100002	1	0.995536
N/A	0.000100002	1	1.03749
N/A	0.000100002	1	0.835969
N/A	0.000100002	1	1.05236
N/A	0.000100002	1	1.22629
N/A	0.000100002	1	0.987123
N/A	0.000100002	1	1.04452
N/A	0.000100002	1	1.09152
N/A	0.000100002	1	1.00169
N/A	0.000100002	1	1.04546
N/A	0.000100002	1	1.24452
N/A	0.000100002	1	1.09587
N/A	0.000100002	1	0
N/A	0.000100002	1	0.957006
N/A	0.000100002	1	1.37584
N/A	0.000100002	1	0.873967
N/A	0.000100002	1	0.992986
N/A	0.000100002	1	0.263165
N/A	0.000100002	1	1.36339
N/A	0.000100002	1	1.00958
N/A	0.000100002	1	0.968091
N/A	0.000100002	1	1.17553
N/A	0.000100002	1	1.1874
N/A	0.000100002	1	1.04854
N/A	0.000100002	1	1.2124
N/A	0.000100002	1	0.94558
N/A	0.000100002	1	0.968147
N/A	0.000100002	1	1.22811
N/A	0.000100002	1	0.7674
N/A	0.000100002	1	0.631878
N/A	0.000100002	1	0.96022
N/A	0.000100002	1	0
N/A	0.000100002	1	1.34676
N/A	0.000100002	1	0
N/A	0.000100002	1	0.938161
N/A	0.000100002	1	0.651835
N/A	0.000100002	1	1.18822
N/A	0.000100002	1	0.861731
N/A	0.000100002	1	0.81656
N/A	0.000100002	1	1.03031
N/A	0.000100002	1	0.910268
N/A	0.000100002	1	0.638556
N/A	0.000100002	1	0.25295
N/A	0.000100002	1	1.00665
N/A	0.000100002	1	1.01404
N/A	0.000100002	1	1.23003
N/A	0.000100002	1	1.00677
N/A	0.000100002	1	0.959423
N/A	0.000100002	1	0.711906
N/A	0.000100002	1	0.921284
N/A	0.000100002	1	1.04677
N/A	0.000100002	1	1.20507
N/A	0.000100002	1	1.03797
N/A	0.000100002	1	1.47415
N/A	0.000100002	1	0.867579
N/A	0.000100002	1	1.12895
N/A	0.000100002	1	1.2743
N/A	0.000100002	1	1.0019
N/A	0.000100002	1	1.13925
N/A	0.000100002	1	1.00027
N/A	0.000100002	1	0.817271
N/A	0.000100002	1	0.817045
N/A	0.000100002	1	0
N/A	0.000100002	1	0.952924
N/A	0.000100002	1	1.22186
N/A	0.000100002	1	1.10982
N/A	0.000100002	1	1.00704
N/A	0.000100002	1	1.10204
N/A	0.000100002	1	1.02171
N/A	0.000100002	1	1.13103
N/A	0.000100002	1	1.13727
N/A	0.000100002	1	0.941946
N/A	0.000100002	1	0.955801
N/A	0.000100002	1	1.09348
N/A	0.000100002	1	1.04527
N/A	0.000100002	1	1.07437
N/A	0.000100002	1	0.696941
N/A	0.000100002	1	1.07496
N/A	0.000100002	1	1.05669
N/A	0.000100002	1	0.411073
N/A	0.000100002	1	1.20976
N/A	0.000100002	1	0.967449
N/A	0.000100002	1	0.704954
N/A	0.000100002	1	1.0258
N/A	0.000100002	1	0.459181
N/A	0.000100002	1	1.24996
N/A	0.000100002	1	0.997761
N/A	0.000100002	1	1.19227
N/A	0.000100002	1	1.07781
N/A	0.000100002	1	1.0387
N/A	0.000100002	1	0.524735
N/A	0.000100002	1	0.968653
N/A	0.000100002	1	0.922005
N/A	0.000100002	1	1.07419
N/A	0.000100002	1	1.0106
N/A	0.000100002	1	0.859188
N/A	0.000100002	1	1.03709
N/A	0.000100002	1	1.29894
N/A	0.000100002	1	1.11117
N/A	0.000100002	1	1.02538
N/A	0.000100002	1	1.05044
N/A	0.000100002	1	1.18538
N/A	0.000100002	1	0.513899
N/A	0.000100002	1	1.12195
N/A	0.000100002	1	1.04712
N/A	0.000100002	1	1.06858
N/A	0.000100002	1	1.31306
N/A	0.000100002	1	0.997648
N/A	0.000100002	1	1.02672
N/A	0.000100002	1	0.709888
N/A	0.000100002	1	0.890827
N/A	0.000100002	1	1.00306
N/A	0.000100002	1	1.16453
N/A	0.000100002	1	0.950482
N/A	0.000100002	1	0.935396
N/A	0.000100002	1	1.07297
N/A	0.000100002	1	1.0207
N/A	0.000100002	1	1.00568
N/A	0.000100002	1	0.983788
N/A	0.000100002	1	1.05874
N/A	0.000100002	1	0.981579
N/A	0.000100002	1	1.06657
N/A	0.000100002	1	0.869599
N/A	0.000100002	1	0.743793
N/A	0.000100002	1	1.10556
N/A	0.000100002	1	0.940547
N/A	0.000100002	1	0.859407
N/A	0.000100002	1	1.02653
N/A	0.000100002	1	0.515736
N/A	0.000100002	1	0.493603
N/A	0.000100002	1	0.952738
N/A	0.000100002	1	0.910659
N/A	0.000100002	1	0.854322
N/A	0.000100002	1	1.02648
N/A	0.000100002	1	0.82351
N/A	0.000100002	1	0
N/A	0.000100002	1	0.953363
N/A	0.000100002	1	0.989688
N/A	0.000100002	1	1.2304
N/A	0.000100002	1	0.955531
N/A	0.000100002	1	0.9751
N/A	0.000100002	1	0.907899
N/A	0.000100002	1	1.08316
N/A	0.000100002	1	0.987397
N/A	0.000100002	1	1.02586
N/A	0.000100002	1	1.03482
N/A	0.000100002	1	1.22793
N/A	0.000100002	1	1.31004
N/A	0.000100002	1	1.08429
N/A	0.000100002	1	1.29881
N/A	0.000100002	1	0.925452
N/A	0.000100002	1	1.51668
N/A	0.000100002	1	0.688067
N/A	0.000100002	1	0.947903
N/A	0.000100002	1	0
N/A	0.000100002	1	0.997236
N/A	0.000100002	1	1.07554
N/A	0.000100002	1	0.869152
N/A	0.000100002	1	1.0227
N/A	0.000100002	1	0.825072
N/A	0.000100002	1	0.773995
N/A	0.000100002	1	0.561745
N/A	0.000100002	1	0.783865
N/A	0.000100002	1	0
N/A	0.000100002	1	0.752192
N/A	0.000100002	1	1.29838
N/A	0.000100002	1	1.16342
N/A	0.000100002	1	0.877335
N/A	0.000100002	1	1.03384
N/A	0.000100002	1	0.750409
N/A	0.000100002	1	1.22059
N/A	0.000100002	1	0.399785
N/A	0.000100002	1	0.913618
N/A	0.000100002	1	1.04015
N/A	0.000100002	1	1.02886
N/A	0.000100002	1	1.01829
N/A	0.000100002	1	1.03382
N/A	0.000100002	1	1.11363
N/A	0.000100002	1	0.515465
N/A	0.000100002	1	1.16359
N/A	0.000100002	1	0.665471
N/A	0.000100002	1	0.994955
N/A	0.000100002	1	0.918035
N/A	0.000100002	1	0.990062
N/A	0.000100002	1	1.06512
N/A	0.000100002	1	1.28164
N/A	0.000100002	1	0.952497
N/A	0.000100002	1	0.853234
N/A	0.000100002	1	1.11036
N/A	0.000100002	1	0.681466
N/A	0.000100002	1	1.04262
N/A	0.000100002	1	1.00495
N/A	0.000100002	1	1.00074
N/A	0.000100002	1	0.67485
N/A	0.000100002	1	0.761243
N/A	0.000100002	1	1.00861
N/A	0.000100002	1	1.13578
N/A	0.000100002	1	1.04627
N/A	0.000100002	1	1.2315
N/A	0.000100002	1	1.14942
N/A	0.000100002	1	0.932494
N/A	0.000100002	1	0.866166
N/A	0.000100002	1	1.11059
N/A	0.000100002	1	1.057
N/A	0.000100002	1	0.856608
N/A	0.000100002	1	0.730709
N/A	0.000100002	1	1.1467
N/A	0.000100002	1	1.01424
N/A	0.000100002	1	0.953243
N/A	0.000100002	1	0.865843
N/A	0.000100002	1	0.939092
N/A	0.000100002	1	0.843845
N/A	0.000100002	1	0.917869
N/A	0.000100002	1	1.20187
N/A	0.000100002	1	1.24584
N/A	0.000100002	1	1.10948
N/A	0.000100002	1	1.01993
N/A	0.000100002	1	1.22337
N/A	0.000100002	1	1.1683
N/A	0.000100002	1	1.37173
N/A	0.000100002	1	1.17797
N/A	0.000100002	1	1.21601
N/A	0.000100002	1	1.04052
N/A	0.000100002	1	1.15787
N/A	0.000100002	1	1.09657
N/A	0.000100002	1	1.27577
N/A	0.000100002	1	1.18294
N/A	0.000100002	1	1.00775
N/A	0.000100002	1	1.07765
N/A	0.000100002	1	0.750017
N/A	0.000100002	1	0.812018
N/A	0.000100002	1	0.932441
N/A	0.000100002	1	0.963367
N/A	0.000100002	1	0.850259
N/A	0.000100002	1	1.08076
N/A	0.000100002	1	1.06352
N/A	0.000100002	1	0.837701
N/A	0.000100002	1	1.08811
N/A	0.000100002	1	1.28282
N/A	0.000100002	1	1.05227
N/A	0.000100002	1	1.08875
N/A	0.000100002	1	1.2323
N/A	0.000100002	1	0.711326
N/A	0.000100002	1	0.793615
N/A	0.000100002	1	1.20226
N/A	0.000100002	1	0.933196
N/A	0.000100002	1	1.28709
N/A	0.000100002	1	0.956203
N/A	0.000100002	1	0.936083
N/A	0.000100002	1	1.13959
N/A	0.000100002	1	1.05162
N/A	0.000100002	1	0.964101
N/A	0.000100002	1	0.628883
N/A	0.000100002	1	0.968429
N/A	0.000100002	1	1.0494
N/A	0.000100002	1	0
N/A	0.000100002	1	0.802817
N/A	0.000100002	1	1.2722
N/A	0.000100002	1	0.93078
N/A	0.000100002	1	1.42108
N/A	0.000100002	1	0.959429
N/A	0.000100002	1	1.08599
N/A	0.000100002	1	1.04154
N/A	0.000100002	1	0.842515
N/A	0.000100002	1	1.02011
N/A	0.000100002	1	1.08396
N/A	0.000100002	1	1.03217
N/A	0.000100002	1	0
N/A	0.000100002	1	0.434793
N/A	0.000100002	1	0.762789
N/A	0.000100002	1	1.04701
N/A	0.000100002	1	0.64038
N/A	0.000100002	1	1.03761
N/A	0.000100002	1	1.24809
N/A	0.000100002	1	0.997947
N/A	0.000100002	1	0.622636
N/A	0.000100002	1	1.00427
N/A	0.000100002	1	1.0329
N/A	0.000100002	1	1.29257
N/A	0.000100002	1	1.18958
N/A	0.000100002	1	1.03129
N/A	0.000100002	1	1.39215
N/A	0.000100002	1	0.536448
N/A	0.000100002	1	1.19088
N/A	0.000100002	1	0.758055
N/A	0.000100002	1	1.05786
N/A	0.000100002	1	0.985842
N/A	0.000100002	1	0
N/A	0.000100002	1	0.80962
N/A	0.000100002	1	1.24152
N/A	0.000100002	1	1.22643
N/A	0.000100002	1	1.27719
N/A	0.000100002	1	1.01456
N/A	0.000100002	1	1.04411
N/A	0.000100002	1	0.712099
N/A	0.000100002	1	0.903075
N/A	0.000100002	1	1.07492
N/A	0.000100002	1	1.34473
N/A	0.000100002	1	0.916293
N/A	0.000100002	1	1.04971
N/A	0.000100002	1	1.11895
N/A	0.000100002	1	0.963362
N/A	0.000100002	1	0.986873
N/A	0.000100002	1	1.03097
N/A	0.000100002	1	1.0812
N/A	0.000100002	1	1.15071
N/A	0.000100002	1	1.33058
N/A	0.000100002	1	1.17427
N/A	0.000100002	1	1.2747
N/A	0.000100002	1	1.06802
N/A	0.000100002	1	1.01048
N/A	0.000100002	1	1.21611
N/A	0.000100002	1	1.01867
N/A	0.000100002	1	1.17
N/A	0.000100002	1	0.585345
N/A	0.000100002	1	1.06633
N/A	0.000100002	1	1.05095
N/A	0.000100002	1	0.892604
N/A	0.000100002	1	1.13523
N/A	0.000100002	1	0.993236
N/A	0.000100002	1	0.990245
N/A	0.000100002	1	1.24204
N/A	0.000100002	1	0.923711
N/A	0.000100002	1	1.18379
N/A	0.000100002	1	1.13164
N/A	0.000100002	1	0.945884
N/A	0.000100002	1	0.821873
N/A	0.000100002	1	1.02998
N/A	0.000100002	1	1.31226
N/A	0.000100002	1	1.18936
N/A	0.000100002	1	0.735305
N/A	0.000100002	1	0.905546
N/A	0.000100002	1	1.037
N/A	0.000100002	1	1.02473
N/A	0.000100002	1	1.02135
N/A	0.000100002	1	1.03106
N/A	0.000100002	1	1.00687
N/A	0.000100002	1	1.15456
N/A	0.000100002	1	0.52964
N/A	0.000100002	1	1.0958
N/A	0.000100002	1	1.13968
N/A	0.000100002	1	1.09955
N/A	0.000100002	1	1.20589
N/A	0.000100002	1	0.964228
N/A	0.000100002	1	1.0383
N/A	0.000100002	1	1.00035
N/A	0.000100002	1	0.919861
N/A	0.000100002	1	1.10288
N/A	0.000100002	1	1.14236
N/A	0.000100002	1	1.26279
N/A	0.000100002	1	1.00806
N/A	0.000100002	1	1.00199
N/A	0.000100002	1	1.00917
N/A	0.000100002	1	1.24504
N/A	0.000100002	1	0.76781
N/A	0.000100002	1	0.933122
N/A	0.000100002	1	0.332494
N/A	0.000100002	1	0.975406
N/A	0.000100002	1	1.04735
N/A	0.000100002	1	0.327748
N/A	0.000100002	1	1.24613
N/A	0.000100002	1	1.07871
N/A	0.000100002	1	1.07078
N/A	0.000100002	1	1.36605
N/A	0.000100002	1	0.937174
N/A	0.000100002	1	0.972673
N/A	0.000100002	1	0.921185
N/A	0.000100002	1	0.961147
N/A	0.000100002	1	1.06303
N/A	0.000100002	1	0.6706
N/A	0.000100002	1	1.20922
N/A	0.000100002	1	0.904638
N/A	0.000100002	1	1.19492
N/A	0.000100002	1	0
N/A	0.000100002	1	0.949717
N/A	0.000100002	1	0.870414
N/A	0.000100002	1	1.06875
N/A	0.000100002	1	0.869592
N/A	0.000100002	1	1.04238
N/A	0.000100002	1	0.891217
N/A	0.000100002	1	0.824398
N/A	0.000100002	1	1.40252
N/A	0.000100002	1	0.998406
N/A	0.000100002	1	1.18163
N/A	0.000100002	1	1.15344
N/A	0.000100002	1	0.725514
N/A	0.000100002	1	1.08455
N/A	0.000100002	1	1.14702
N/A	0.000100002	1	0.739211
N/A	0.000100002	1	0.95817
N/A	0.000100002	1	1.08718
N/A	0.000100002	1	1.08055
N/A	0.000100002	1	1.14222
N/A	0.000100002	1	1.04572
N/A	0.000100002	1	1.00371
N/A	0.000100002	1	0.541445
N/A	0.000100002	1	1.15183
N/A	0.000100002	1	1.03257
N/A	0.000100002	1	1.05774
N/A	0.000100002	1	1.22449
N/A	0.000100002	1	1.18222
N/A	0.000100002	1	1.17889
N/A	0.000100002	1	0
N/A	0.000100002	1	0.858724
N/A	0.000100002	1	1.20565
N/A	0.000100002	1	0.989975
N/A	0.000100002	1	0.93816
N/A	0.000100002	1	1.01771
N/A	0.000100002	1	1.08844
N/A	0.000100002	1	0
N/A	0.000100002	1	1.10703
N/A	0.000100002	1	1.07802
N/A	0.000100002	1	1.0682
N/A	0.000100002	1	0.972615
N/A	0.000100002	1	0.853912
N/A	0.000100002	1	0.819462
N/A	0.000100002	1	1.14524
N/A	0.000100002	1	0.930289
N/A	0.000100002	1	0.728977
N/A	0.000100002	1	0.917164
N/A	0.000100002	1	0.00804421
N/A	0.000100002	1	0.801768
N/A	0.000100002	1	0.702434
N/A	0.000100002	1	1.31419
N/A	0.000100002	1	0.993577
N/A	0.000100002	1	1.32402
N/A	0.000100002	1	1.0492
N/A	0.000100002	1	0.933248
N/A	0.000100002	1	1.03239
N/A	0.000100002	1	0.84086
N/A	0.000100002	1	0.75904
N/A	0.000100002	1	1.04201
N/A	0.000100002	1	1.04121
N/A	0.000100002	1	1.23267
N/A	0.000100002	1	0.639997
N/A	0.000100002	1	1.24767
N/A	0.000100002	1	0.962946
N/A	0.000100002	1	1.01283
N/A	0.000100002	1	0.885551
N/A	0.000100002	1	1.02427
N/A	0.000100002	1	1.21457
N/A	0.000100002	1	1.28702
N/A	0.000100002	1	0.504139
N/A	0.000100002	1	1.12254
N/A	0.000100002	1	0
N/A	0.000100002	1	1.07332
N/A	0.000100002	1	0.589134
N/A	0.000100002	1	1.09696
N/A	0.000100002	1	0
N/A	0.000100002	1	1.22084
N/A	0.000100002	1	0.86476
N/A	0.000100002	1	1.034
N/A	0.000100002	1	1.03515
N/A	0.000100002	1	1.02464
N/A	0.000100002	1	1.07301
N/A	0.000100002	1	1.02699
N/A	0.000100002	1	1.10419
N/A	0.000100002	1	0.658992
N/A	0.000100002	1	1.00231
N/A	0.000100002	1	0.637855
N/A	0.000100002	1	1.16649
N/A	0.000100002	1	0.879286
N/A	0.000100002	1	1.09831
N/A	0.000100002	1	1.03163
N/A	0.000100002	1	0.966313
N/A	0.000100002	1	1.06364
N/A	0.000100002	1	0.80101
N/A	0.000100002	1	1.16621
N/A	0.000100002	1	0.715694
N/A	0.000100002	1	0.961119
N/A	0.000100002	1	1.11127
N/A	0.000100002	1	1.0323
N/A	0.000100002	1	0.939151
N/A	0.000100002	1	1.09103
N/A	0.000100002	1	0.981313
N/A	0.000100002	1	1.00733
N/A	0.000100002	1	1.00161
N/A	0.000100002	1	0.910948
N/A	0.000100002	1	1.03714
N/A	0.000100002	1	0.904797
N/A	0.000100002	1	1.01105
N/A	0.000100002	1	1.1609
N/A	0.000100002	1	0.519
N/A	0.000100002	1	1.0345
N/A	0.000100002	1	1.05576
N/A	0.000100002	1	0.958333
N/A	0.000100002	1	1.05303
N/A	0.000100002	1	1.01956
N/A	0.000100002	1	0.98396
N/A	0.000100002	1	1.3571
N/A	0.000100002	1	1.28328
N/A	0.000100002	1	0.617143
N/A	0.000100002	1	0.378587
N/A	0.000100002	1	1.2605
N/A	0.000100002	1	1.00295
N/A	0.000100002	1	1.00844
N/A	0.000100002	1	1.02254
N/A	0.000100002	1	1.2101
N/A	0.000100002	1	1.05437
N/A	0.000100002	1	1.15487
N/A	0.000100002	1	0.789701
N/A	0.000100002	1	0.846771
N/A	0.000100002	1	1.05142
N/A	0.000100002	1	1.16441
N/A	0.000100002	1	1.25029
N/A	0.000100002	1	0.485249
N/A	0.000100002	1	1.09556
N/A	0.000100002	1	1.18832
N/A	0.000100002	1	1.11879
N/A	0.000100002	1	0.733494
N/A	0.000100002	1	1.36372
N/A	0.000100002	1	1.16951
N/A	0.000100002	1	0.392662
N/A	0.000100002	1	1.24289
N/A	0.000100002	1	0.871346
N/A	0.000100002	1	0
N/A	0.000100002	1	1.05884
N/A	0.000100002	1	1.11761
N/A	0.000100002	1	1.0416
N/A	0.000100002	1	0.969107
N/A	0.000100002	1	0.97238
N/A	0.000100002	1	1.05495
N/A	0.000100002	1	0.995763
N/A	0.000100002	1	1.01029
N/A	0.000100002	1	0.926289
N/A	0.000100002	1	1.18629
N/A	0.000100002	1	1.01082
N/A	0.000100002	1	0.898577
N/A	0.000100002	1	1.19131
N/A	0.000100002	1	1.37187
N/A	0.000100002	1	0.832804
N/A	0.000100002	1	0.661747
N/A	0.000100002	1	0.936983
N/A	0.000100002	1	1.07355
N/A	0.000100002	1	1.05502
N/A	0.000100002	1	0.567682
N/A	0.000100002	1	1.03361
N/A	0.000100002	1	1.00489
N/A	0.000100002	1	1.10496
N/A	0.000100002	1	0.924048
N/A	0.000100002	1	1.40454
N/A	0.000100002	1	1.32779
N/A	0.000100002	1	0.657387
N/A	0.000100002	1	0.954933
N/A	0.000100002	1	0.967788
N/A	0.000100002	1	0.507847
N/A	0.000100002	1	0.985312
N/A	0.000100002	1	0.737136
N/A	0.000100002	1	1.06256
N/A	0.000100002	1	0.765742
N/A	0.000100002	1	0.902523
N/A	0.000100002	1	1.12525
N/A	0.000100002	1	0.992544
N/A	0.000100002	1	1.11444
N/A	0.000100002	1	0.984997
N/A	0.000100002	1	0.716616
N/A	0.000100002	1	1.37807
N/A	0.000100002	1	0.607466
N/A	0.000100002	1	1.37536
N/A	0.000100002	1	1.02214
N/A	0.000100002	1	1.08167
N/A	0.000100002	1	1.28536
N/A	0.000100002	1	1.29345
N/A	0.000100002	1	1.11286
N/A	0.000100002	1	0.548192
N/A	0.000100002	1	0.655784
N/A	0.000100002	1	0.652033
N/A	0.000100002	1	0.59478
N/A	0.000100002	1	1.12928
N/A	0.000100002	1	1.01889
N/A	0.000100002	1	0.892213
N/A	0.000100002	1	0.807411
N/A	0.000100002	1	0.873402
N/A	0.000100002	1	0.849025
N/A	0.000100002	1	1.00414
N/A	0.000100002	1	1.18333
N/A	0.000100002	1	0.801312
N/A	0.000100002	1	1.23635
N/A	0.000100002	1	0.713389
N/A	0.000100002	1	0.942879
N/A	0.000100002	1	1.13117
N/A	0.000100002	1	1.20711
N/A	0.000100002	1	0.934355
N/A	0.000100002	1	0.8902
N/A	0.000100002	1	1.00648
N/A	0.000100002	1	1.11682
N/A	0.000100002	1	0.624761
N/A	0.000100002	1	1.11186
N/A	0.000100002	1	1.20841
N/A	0.000100002	1	0.770171
N/A	0.000100002	1	0.95875
N/A	0.000100002	1	1.06844
N/A	0.000100002	1	1.10088
N/A	0.000100002	1	0.872329
N/A	0.000100002	1	1.34891
N/A	0.000100002	1	1.29945
N/A	0.000100002	1	0.486314
N/A	0.000100002	1	1.03105
N/A	0.000100002	1	1.03655
N/A	0.000100002	1	1.00862
N/A	0.000100002	1	1.12439
N/A	0.000100002	1	1.10826
N/A	0.000100002	1	0.919349
N/A	0.000100002	1	0.926032
N/A	0.000100002	1	1.0207
N/A	0.000100002	1	1.10207
N/A	0.000100002	1	1.0819
N/A	0.000100002	1	0.973499
N/A	0.000100002	1	1.01262
N/A	0.000100002	1	0.995235
N/A	0.000100002	1	0.559676
N/A	0.000100002	1	0.998466
N/A	0.000100002	1	0.989223
N/A	0.000100002	1	1.14437
N/A	0.000100002	1	1.09105
N/A	0.000100002	1	1.04978
N/A	0.000100002	1	1.17536
N/A	0.000100002	1	1.02922
N/A	0.000100002	1	0.945875
N/A	0.000100002	1	1.03701
N/A	0.000100002	1	1.03865
N/A	0.000100002	1	0.812814
N/A	0.000100002	1	0.842204
N/A	0.000100002	1	1.24653
N/A	0.000100002	1	1.01582
N/A	0.000100002	1	1.12897
N/A	0.000100002	1	0.860932
N/A	0.000100002	1	1.05632
N/A	0.000100002	1	0.741508
N/A	0.000100002	1	1.24245
N/A	0.000100002	1	1.0758
N/A	0.000100002	1	1.29588
N/A	0.000100002	1	0.969734
N/A	0.000100002	1	1.03401
N/A	0.000100002	1	1.0116
N/A	0.000100002	1	1.05213
N/A	0.000100002	1	0.529002
N/A	0.000100002	1	0.98193
N/A	0.000100002	1	1.0486
N/A	0.000100002	1	1.39791
N/A	0.000100002	1	1.19919
N/A	0.000100002	1	1.03385
N/A	0.000100002	1	0.824338
N/A	0.000100002	1	0.929954
N/A	0.000100002	1	1.0089
N/A	0.000100002	1	1.36068
N/A	0.000100002	1	0.805638
N/A	0.000100002	1	0.825713
N/A	0.000100002	1	0.976601
N/A	0.000100002	1	1.02092
N/A	0.000100002	1	0.81359
N/A	0.000100002	1	0.678014
N/A	0.000100002	1	1.29407
N/A	0.000100002	1	0.961387
N/A	0.000100002	1	1.02463
N/A	0.000100002	1	1.21633
N/A	0.000100002	1	1.32177
N/A	0.000100002	1	1.10939
N/A	0.000100002	1	0.60512
N/A	0.000100002	1	0.815127
N/A	0.000100002	1	1.2378
N/A	0.000100002	1	1.31114
N/A	0.000100002	1	0.890809
N/A	0.000100002	1	1.0083
N/A	0.000100002	1	1.00331
N/A	0.000100002	1	0.984599
N/A	0.000100002	1	1.10949
N/A	0.000100002	1	0.672748
N/A	0.000100002	1	1.33319
N/A	0.000100002	1	1.21934
N/A	0.000100002	1	0.60478
N/A	0.000100002	1	1.20942
N/A	0.000100002	1	0
N/A	0.000100002	1	0.962321
N/A	0.000100002	1	1.04262
N/A	0.000100002	1	0.873644
N/A	0.000100002	1	0
N/A	0.000100002	1	1.18375
N/A	0.000100002	1	1.24911
N/A	0.000100002	1	0.982743
N/A	0.000100002	1	1.09173
N/A	0.000100002	1	1.09958
N/A	0.000100002	1	0.9083
N/A	0.000100002	1	0.998567
N/A	0.000100002	1	1.19986
N/A	0.000100002	1	1.12728
N/A	0.000100002	1	1.2219
N/A	0.000100002	1	1.17484
N/A	0.000100002	1	1.15864
N/A	0.000100002	1	1.35295
N/A	0.000100002	1	0.901372
N/A	0.000100002	1	1.39705
N/A	0.000100002	1	0.818347
N/A	0.000100002	1	1.01075
N/A	0.000100002	1	1.02826
N/A	0.000100002	1	0.91055
N/A	0.000100002	1	0.92889
N/A	0.000100002	1	1.46598
N/A	0.000100002	1	1.02079
N/A	0.000100002	1	1.38571
N/A	0.000100002	1	0.916073
N/A	0.000100002	1	1.01545
N/A	0.000100002	1	1.21517
N/A	0.000100002	1	1.29013
N/A	0.000100002	1	1.16861
N/A	0.000100002	1	0.930989
N/A	0.000100002	1	0.886495
N/A	0.000100002	1	0.997796
N/A	0.000100002	1	1.04622
N/A	0.000100002	1	1.26512
N/A	0.000100002	1	1.01068
N/A	0.000100002	1	0.606083
N/A	0.000100002	1	0.898036
N/A	0.000100002	1	0.856634
N/A	0.000100002	1	1.26421
N/A	0.000100002	1	1.12959
N/A	0.000100002	1	0.566906
N/A	0.000100002	1	1.11981
N/A	0.000100002	1	1.21278
N/A	0.000100002	1	1.22187
N/A	0.000100002	1	0.960615
N/A	0.000100002	1	0.987855
N/A	0.000100002	1	0.988135
N/A	0.000100002	1	1.40476
N/A	0.000100002	1	1.30411
N/A	0.000100002	1	1.24536
N/A	0.000100002	1	1.14044
N/A	0.000100002	1	1.0952
N/A	0.000100002	1	1.16983
N/A	0.000100002	1	1.057
N/A	0.000100002	1	0.741773
N/A	0.000100002	1	0.978809
N/A	0.000100002	1	0.992971
N/A	0.000100002	1	0.921871
N/A	0.000100002	1	0.702232
N/A	0.000100002	1	0.827358
N/A	0.000100002	1	0.811145
N/A	0.000100002	1	1.35466
N/A	0.000100002	1	0.721488
N/A	0.000100002	1	1.02957
N/A	0.000100002	1	1.06419
N/A	0.000100002	1	0.747014
N/A	0.000100002	1	1.23484
N/A	0.000100002	1	1.30411
N/A	0.000100002	1	1.16071
N/A	0.000100002	1	1.04579
N/A	0.000100002	1	0.966529
N/A	0.000100002	1	1.23338
N/A	0.000100002	1	0.996051
N/A	0.000100002	1	0.982405
N/A	0.000100002	1	1.09151
N/A	0.000100002	1	1.09886
N/A	0.000100002	1	1.08054
N/A	0.000100002	1	0.979141
N/A	0.000100002	1	1.00734
N/A	0.000100002	1	1.00623
N/A	0.000100002	1	0.929737
N/A	0.000100002	1	0.570659
N/A	0.000100002	1	1.00058
N/A	0.000100002	1	0.791146
N/A	0.000100002	1	1.25599
N/A	0.000100002	1	1.10356
N/A	0.000100002	1	1.07336
N/A	0.000100002	1	1.00169
N/A	0.000100002	1	0.74366
N/A	0.000100002	1	0.971766
N/A	0.000100002	1	1.06474
N/A	0.000100002	1	1.39135
N/A	0.000100002	1	0.630315
N/A	0.000100002	1	1.20952
N/A	0.000100002	1	0.694705
N/A	0.000100002	1	0.988239
N/A	0.000100002	1	1.27098
N/A	0.000100002	1	0.954944
N/A	0.000100002	1	1.0115
N/A	0.000100002	1	1.05087
N/A	0.000100002	1	0.455982
N/A	0.000100002	1	1.11871
N/A	0.000100002	1	1.06239
N/A	0.000100002	1	1.02429
N/A	0.000100002	1	0.967819
N/A	0.000100002	1	1.02753
N/A	0.000100002	1	1.01287
N/A	0.000100002	1	0.951131
N/A	0.000100002	1	0.932302
N/A	0.000100002	1	0.86697
N/A	0.000100002	1	1.35696
N/A	0.000100002	1	0.736602
N/A	0.000100002	1	1.03391
N/A	0.000100002	1	0.894468
N/A	0.000100002	1	1.14741
N/A	0.000100002	1	0.934811
N/A	0.000100002	1	1.04734
N/A	0.000100002	1	1.07369
N/A	0.000100002	1	1.25716
N/A	0.000100002	1	1.07999
N/A	0.000100002	1	0.978322
N/A	0.000100002	1	1.21645
N/A	0.000100002	1	1.04277
N/A	0.000100002	1	0.346466
N/A	0.000100002	1	1.07725
N/A	0.000100002	1	0.909011
N/A	0.000100002	1	0.971859
N/A	0.000100002	1	0.315061
N/A	0.000100002	1	0.926877
N/A	0.000100002	1	1.24405
N/A	0.000100002	1	1.013
N/A	0.000100002	1	0.959345
N/A	0.000100002	1	1.24665
N/A	0.000100002	1	1.0913
N/A	0.000100002	1	1.01273
N/A	0.000100002	1	1.22408
N/A	0.000100002	1	1.01818
N/A	0.000100002	1	1.04112
N/A	0.000100002	1	1.03412
N/A	0.000100002	1	1.00468
N/A	0.000100002	1	0.892131
N/A	0.000100002	1	1.08064
N/A	0.000100002	1	1.15207
N/A	0.000100002	1	0.830205
N/A	0.000100002	1	1.1482
N/A	0.000100002	1	0.984037
N/A	0.000100002	1	0.9587
N/A	0.000100002	1	0.85161
N/A	0.000100002	1	1.14612
N/A	0.000100002	1	1.00588
N/A	0.000100002	1	1.02474
N/A	0.000100002	1	0.985624
N/A	0.000100002	1	0.277982
N/A	0.000100002	1	1.03399
N/A	0.000100002	1	1.02759
N/A	0.000100002	1	1.02392
N/A	0.000100002	1	0.709818
N/A	0.000100002	1	1.3942
N/A	0.000100002	1	0.988942
N/A	0.000100002	1	1.28678
N/A	0.000100002	1	1.04716
N/A	0.000100002	1	0.956834
N/A	0.000100002	1	1.29571
N/A	0.000100002	1	1.23082
N/A	0.000100002	1	1.06335
N/A	0.000100002	1	1.15145
N/A	0.000100002	1	1.03091
N/A	0.000100002	1	0.772336
N/A	0.000100002	1	1.33923
N/A	0.000100002	1	0.367305
N/A	0.000100002	1	0.995907
N/A	0.000100002	1	0.993155
N/A	0.000100002	1	1.10571
N/A	0.000100002	1	1.09554
N/A	0.000100002	1	0.853281
N/A	0.000100002	1	1.03661
N/A	0.000100002	1	1.08881
N/A	0.000100002	1	0.994015
N/A	0.000100002	1	0.863404
N/A	0.000100002	1	0.949023
N/A	0.000100002	1	1.03659
N/A	0.000100002	1	0.107721
N/A	0.000100002	1	0.859024
N/A	0.000100002	1	1.07794
N/A	0.000100002	1	1.01922
N/A	0.000100002	1	1.12853
N/A	0.000100002	1	0.877741
N/A	0.000100002	1	1.13344
N/A	0.000100002	1	1.14003
N/A	0.000100002	1	1.00898
N/A	0.000100002	1	0.953773
N/A	0.000100002	1	1.14438
N/A	0.000100002	1	1.27858
N/A	0.000100002	1	1.02731
N/A	0.000100002	1	1.33678
N/A	0.000100002	1	1.04059
N/A	0.000100002	1	1.0095
N/A	0.000100002	1	0.952852
N/A	0.000100002	1	1.09006
N/A	0.000100002	1	0.938175
N/A	0.000100002	1	1.09599
N/A	0.000100002	1	1.09028
N/A	0.000100002	1	1.24369
N/A	0.000100002	1	1.13615
N/A	0.000100002	1	1.09991
N/A	0.000100002	1	1.01528
N/A	0.000100002	1	0.908836
N/A	0.000100002	1	1.10133
N/A	0.000100002	1	0.900266
N/A	0.000100002	1	1.1147
N/A	0.000100002	1	1.27621
N/A	0.000100002	1	1.13114
N/A	0.000100002	1	1.21777
N/A	0.000100002	1	1.01708
N/A	0.000100002	1	1.06912
N/A	0.000100002	1	1.21127
N/A	0.000100002	1	0.963504
N/A	0.000100002	1	0.6229
N/A	0.000100002	1	1.13933
N/A	0.000100002	1	0.982255
N/A	0.000100002	1	1.04564
N/A	0.000100002	1	1.04689
N/A	0.000100002	1	0.645926
N/A	0.000100002	1	1.25111
N/A	0.000100002	1	0.740327
N/A	0.000100002	1	1.03746
N/A	0.000100002	1	1.20582
N/A	0.000100002	1	0.841705
N/A	0.000100002	1	0.861824
N/A	0.000100002	1	1.03221
N/A	0.000100002	1	1.05168
N/A	0.000100002	1	0.995698
N/A	0.000100002	1	1.14534
N/A	0.000100002	1	1.16904
N/A	0.000100002	1	0.77367
N/A	0.000100002	1	1.03746
N/A	0.000100002	1	1.12306
N/A	0.000100002	1	1.35885
N/A	0.000100002	1	1.1388
N/A	0.000100002	1	1.01688
N/A	0.000100002	1	0.92636
N/A	0.000100002	1	1.0306
N/A	0.000100002	1	1.02583
N/A	0.000100002	1	0.592024
N/A	0.000100002	1	1.06202
N/A	0.000100002	1	1.0165
N/A	0.000100002	1	0.96249
N/A	0.000100002	1	1.30404
N/A	0.000100002	1	1.1404
N/A	0.000100002	1	1.14194
N/A	0.000100002	1	1.01238
N/A	0.000100002	1	1.08291
N/A	0.000100002	1	0
N/A	0.000100002	1	0.963706
N/A	0.000100002	1	0.993801
N/A	0.000100002	1	1.04652
N/A	0.000100002	1	0.97289
N/A	0.000100002	1	0.904587
N/A	0.000100002	1	1.37237
N/A	0.000100002	1	0.951529
N/A	0.000100002	1	1.14355
N/A	0.000100002	1	0.590636
N/A	0.000100002	1	0.966272
