position	distance	allele0	allele1
N/A	0.0102263	1	0
N/A	0.0102303	1	0
N/A	0.0102323	1	0
N/A	0.0102323	1	0
N/A	0.0102343	1	0
N/A	0.0102383	1	0
N/A	0.0102383	1	0
N/A	0.0102383	1	0
N/A	0.0102403	1	0
N/A	0.0102403	1	0
N/A	0.0102403	1	0
N/A	0.0102423	1	0
N/A	0.0102423	1	0
N/A	0.0102423	1	0
N/A	0.0102423	1	0
N/A	0.0102423	1	0
N/A	0.0102423	1	0
N/A	0.0102423	1	0
N/A	0.0102443	1	0
N/A	0.0102443	1	0
N/A	0.0102443	1	0
N/A	0.0102443	1	0
N/A	0.0102443	1	0
N/A	0.0102463	1	0
N/A	0.0102463	1	0
N/A	0.0102463	1	0
N/A	0.0102463	1	0
N/A	0.0102463	1	0
N/A	0.0102463	1	0
N/A	0.0102463	1	0
N/A	0.0102463	1	0
N/A	0.0102483	1	0
N/A	0.0102483	1	0
N/A	0.0102483	1	0
N/A	0.0102483	1	0
N/A	0.0102483	1	0
N/A	0.0102483	1	0
N/A	0.0102483	1	0
N/A	0.0102483	1	0
N/A	0.0102483	1	0
N/A	0.0102483	1	0
N/A	0.0102483	1	0
N/A	0.0102483	1	0
N/A	0.0102483	1	0
N/A	0.0102503	1	0
N/A	0.0102503	1	0
N/A	0.0102503	1	0
N/A	0.0102503	1	0
N/A	0.0102503	1	0
N/A	0.0102503	1	0
N/A	0.0102503	1	0
N/A	0.0102503	1	0
N/A	0.0102503	1	0
N/A	0.0102503	1	0
N/A	0.0102503	1	0
N/A	0.0102503	1	0
N/A	0.0102503	1	0
N/A	0.0102503	1	0
N/A	0.0102503	1	0
N/A	0.0102523	1	0
N/A	0.0102523	1	0
N/A	0.0102523	1	0
N/A	0.0102523	1	0
N/A	0.0102523	1	0
N/A	0.0102523	1	0
N/A	0.0102523	1	0
N/A	0.0102523	1	0
N/A	0.0102523	1	0
N/A	0.0102523	1	0
N/A	0.0102523	1	0
N/A	0.0102523	1	0
N/A	0.0102523	1	0
N/A	0.0102523	1	0
N/A	0.0102523	1	0
N/A	0.0102523	1	0
N/A	0.0102523	1	0
N/A	0.0102523	1	0
N/A	0.0102523	1	0
N/A	0.0102543	1	0
N/A	0.0102543	1	0
N/A	0.0102543	1	0
N/A	0.0102543	1	0
N/A	0.0102543	1	0
N/A	0.0102543	1	0
N/A	0.0102543	1	0
N/A	0.0102543	1	0
N/A	0.0102543	1	0
N/A	0.0102543	1	0
N/A	0.0102543	1	0
N/A	0.0102543	1	0
N/A	0.0102543	1	0
N/A	0.0102543	1	0
N/A	0.0102543	1	0
N/A	0.0102543	1	0
N/A	0.0102543	1	0.0477587
N/A	0.0102543	1	0
N/A	0.0102543	1	0
N/A	0.0102543	1	0
N/A	0.0102543	1	0
N/A	0.0102543	1	0
N/A	0.0102543	1	0
N/A	0.0102543	1	0
N/A	0.0102543	1	0
N/A	0.0102543	1	0
N/A	0.0102563	1	0
N/A	0.0102563	1	0
N/A	0.0102563	1	0
N/A	0.0102563	1	0
N/A	0.0102563	1	0
N/A	0.0102563	1	0
N/A	0.0102563	1	0
N/A	0.0102563	1	0
N/A	0.0102563	1	0
N/A	0.0102563	1	0
N/A	0.0102563	1	0
N/A	0.0102563	1	0
N/A	0.0102563	1	0
N/A	0.0102563	1	0
N/A	0.0102563	1	0
N/A	0.0102563	1	0
N/A	0.0102563	1	0
N/A	0.0102563	1	0
N/A	0.0102563	1	0
N/A	0.0102563	1	0
N/A	0.0102563	1	0
N/A	0.0102563	1	0
N/A	0.0102563	1	0
N/A	0.0102563	1	0
N/A	0.0102563	1	0
N/A	0.0102563	1	0
N/A	0.0102563	1	0
N/A	0.0102563	1	0
N/A	0.0102563	1	0.101294
N/A	0.0102583	1	0
N/A	0.0102583	1	0
N/A	0.0102583	1	0
N/A	0.0102583	1	0
N/A	0.0102583	1	0
N/A	0.0102583	1	0
N/A	0.0102583	1	0
N/A	0.0102583	1	0
N/A	0.0102583	1	0
N/A	0.0102583	1	0
N/A	0.0102583	1	0
N/A	0.0102583	1	0
N/A	0.0102583	1	0
N/A	0.0102583	1	0
N/A	0.0102583	1	0
N/A	0.0102583	1	0
N/A	0.0102583	1	0
N/A	0.0102583	1	0
N/A	0.0102583	1	0
N/A	0.0102583	1	0
N/A	0.0102583	1	0.0607067
N/A	0.0102583	1	0
N/A	0.0102583	1	0
N/A	0.0102583	1	0
N/A	0.0102583	1	0
N/A	0.0102583	1	0
N/A	0.0102583	1	0.00951368
N/A	0.0102583	1	0
N/A	0.0102603	1	0
N/A	0.0102603	1	0
N/A	0.0102603	1	0
N/A	0.0102603	1	0
N/A	0.0102603	1	0
N/A	0.0102603	1	0
N/A	0.0102603	1	0
N/A	0.0102603	1	0
N/A	0.0102603	1	0
N/A	0.0102603	1	0
N/A	0.0102603	1	0
N/A	0.0102603	1	0
N/A	0.0102603	1	0
N/A	0.0102603	1	0
N/A	0.0102603	1	0
N/A	0.0102603	1	0
N/A	0.0102603	1	0
N/A	0.0102603	1	0
N/A	0.0102603	1	0
N/A	0.0102603	1	0
N/A	0.0102603	1	0
N/A	0.0102603	1	0
N/A	0.0102603	1	0
N/A	0.0102603	1	0
N/A	0.0102603	1	0
N/A	0.0102603	1	0
N/A	0.0102603	1	0
N/A	0.0102603	1	0
N/A	0.0102603	1	0
N/A	0.0102603	1	0
N/A	0.0102603	1	0
N/A	0.0102603	1	0
N/A	0.0102603	1	0
N/A	0.0102603	1	0
N/A	0.0102603	1	0
N/A	0.0102603	1	0
N/A	0.0102603	1	0
N/A	0.0102603	1	0
N/A	0.0102603	1	0
N/A	0.0102623	1	0
N/A	0.0102623	1	0.0443838
N/A	0.0102623	1	0
N/A	0.0102623	1	0
N/A	0.0102623	1	0
N/A	0.0102623	1	0
N/A	0.0102623	1	0
N/A	0.0102623	1	0
N/A	0.0102623	1	0
N/A	0.0102623	1	0
N/A	0.0102623	1	0
N/A	0.0102623	1	0
N/A	0.0102623	1	0
N/A	0.0102623	1	0
N/A	0.0102623	1	0
N/A	0.0102623	1	0
N/A	0.0102623	1	0.145426
N/A	0.0102623	1	0
N/A	0.0102623	1	0
N/A	0.0102623	1	0
N/A	0.0102623	1	0
N/A	0.0102623	1	0
N/A	0.0102623	1	0
N/A	0.0102623	1	0
N/A	0.0102623	1	0
N/A	0.0102623	1	0
N/A	0.0102623	1	0
N/A	0.0102623	1	0
N/A	0.0102623	1	0
N/A	0.0102623	1	0
N/A	0.0102623	1	0
N/A	0.0102623	1	0
N/A	0.0102623	1	0
N/A	0.0102623	1	0
N/A	0.0102623	1	0
N/A	0.0102623	1	0
N/A	0.0102623	1	0
N/A	0.0102623	1	0
N/A	0.0102623	1	0
N/A	0.0102623	1	0
N/A	0.0102623	1	0
N/A	0.0102623	1	0
N/A	0.0102623	1	0
N/A	0.0102623	1	0
N/A	0.0102623	1	0
N/A	0.0102623	1	0
N/A	0.0102623	1	0
N/A	0.0102623	1	0
N/A	0.0102623	1	0
N/A	0.0102623	1	0
N/A	0.0102623	1	0
N/A	0.0102623	1	0
N/A	0.0102623	1	0
N/A	0.0102623	1	0
N/A	0.0102643	1	0
N/A	0.0102643	1	0
N/A	0.0102643	1	0
N/A	0.0102643	1	0
N/A	0.0102643	1	0
N/A	0.0102643	1	0
N/A	0.0102643	1	0
N/A	0.0102643	1	0
N/A	0.0102643	1	0
N/A	0.0102643	1	0
N/A	0.0102643	1	0
N/A	0.0102643	1	0
N/A	0.0102643	1	0
N/A	0.0102643	1	0
N/A	0.0102643	1	0
N/A	0.0102643	1	0
N/A	0.0102643	1	0
N/A	0.0102643	1	0
N/A	0.0102643	1	0
N/A	0.0102643	1	0
N/A	0.0102643	1	0
N/A	0.0102643	1	0
N/A	0.0102643	1	0
N/A	0.0102643	1	0
N/A	0.0102643	1	0
N/A	0.0102643	1	0
N/A	0.0102643	1	0
N/A	0.0102643	1	0
N/A	0.0102643	1	0
N/A	0.0102643	1	0
N/A	0.0102643	1	0
N/A	0.0102643	1	0
N/A	0.0102643	1	0
N/A	0.0102643	1	0
N/A	0.0102643	1	0
N/A	0.0102643	1	0
N/A	0.0102643	1	0
N/A	0.0102643	1	0
N/A	0.0102643	1	0
N/A	0.0102643	1	0
N/A	0.0102643	1	0
N/A	0.0102643	1	0
N/A	0.0102643	1	0
N/A	0.0102643	1	0
N/A	0.0102643	1	0
N/A	0.0102643	1	0
N/A	0.0102643	1	0
N/A	0.0102643	1	0
N/A	0.0102643	1	0
N/A	0.0102643	1	0.0714942
N/A	0.0102663	1	0
N/A	0.0102663	1	0
N/A	0.0102663	1	0
N/A	0.0102663	1	0
N/A	0.0102663	1	0
N/A	0.0102663	1	0
N/A	0.0102663	1	0
N/A	0.0102663	1	0
N/A	0.0102663	1	0
N/A	0.0102663	1	0
N/A	0.0102663	1	0
N/A	0.0102663	1	0
N/A	0.0102663	1	0
N/A	0.0102663	1	0
N/A	0.0102663	1	0
N/A	0.0102663	1	0
N/A	0.0102663	1	0
N/A	0.0102663	1	0
N/A	0.0102663	1	0
N/A	0.0102663	1	0
N/A	0.0102663	1	0
N/A	0.0102663	1	0
N/A	0.0102663	1	0
N/A	0.0102663	1	0
N/A	0.0102663	1	0
N/A	0.0102663	1	0
N/A	0.0102663	1	0
N/A	0.0102663	1	0
N/A	0.0102663	1	0
N/A	0.0102663	1	0
N/A	0.0102663	1	0
N/A	0.0102663	1	0
N/A	0.0102663	1	0
N/A	0.0102663	1	0
N/A	0.0102663	1	0
N/A	0.0102663	1	0
N/A	0.0102663	1	0
N/A	0.0102663	1	0
N/A	0.0102663	1	0
N/A	0.0102663	1	0
N/A	0.0102663	1	0
N/A	0.0102663	1	0
N/A	0.0102663	1	0
N/A	0.0102663	1	0
N/A	0.0102663	1	0
N/A	0.0102663	1	0.0353016
N/A	0.0102663	1	0
N/A	0.0102663	1	0
N/A	0.0102663	1	0
N/A	0.0102663	1	0
N/A	0.0102663	1	0
N/A	0.0102663	1	0
N/A	0.0102663	1	0
N/A	0.0102663	1	0
N/A	0.0102663	1	0
N/A	0.0102663	1	0
N/A	0.0102663	1	0
N/A	0.0102663	1	0
N/A	0.0102663	1	0
N/A	0.0102663	1	0
N/A	0.0102663	1	0
N/A	0.0102663	1	0
N/A	0.0102663	1	0
N/A	0.0102663	1	0
N/A	0.0102663	1	0
N/A	0.0102663	1	0
N/A	0.0102663	1	0
N/A	0.0102663	1	0.0439841
N/A	0.0102663	1	0
N/A	0.0102663	1	0
N/A	0.0102663	1	0
N/A	0.0102663	1	0.1008
N/A	0.0102663	1	0
N/A	0.0102663	1	0
N/A	0.0102663	1	0
N/A	0.0102663	1	0
N/A	0.0102663	1	0
N/A	0.0102663	1	0.159211
N/A	0.0102663	1	0
N/A	0.0102663	1	0
N/A	0.0102663	1	0
N/A	0.0102683	1	0
N/A	0.0102683	1	0
N/A	0.0102683	1	0
N/A	0.0102683	1	0
N/A	0.0102683	1	0
N/A	0.0102683	1	0
N/A	0.0102683	1	0
N/A	0.0102683	1	0
N/A	0.0102683	1	0
N/A	0.0102683	1	0
N/A	0.0102683	1	0
N/A	0.0102683	1	0
N/A	0.0102683	1	0
N/A	0.0102683	1	0
N/A	0.0102683	1	0
N/A	0.0102683	1	0
N/A	0.0102683	1	0
N/A	0.0102683	1	0
N/A	0.0102683	1	0
N/A	0.0102683	1	0
N/A	0.0102683	1	0
N/A	0.0102683	1	0
N/A	0.0102683	1	0
N/A	0.0102683	1	0
N/A	0.0102683	1	0
N/A	0.0102683	1	0
N/A	0.0102683	1	0
N/A	0.0102683	1	0
N/A	0.0102683	1	0
N/A	0.0102683	1	0
N/A	0.0102683	1	0
N/A	0.0102683	1	0
N/A	0.0102683	1	0
N/A	0.0102683	1	0
N/A	0.0102683	1	0
N/A	0.0102683	1	0
N/A	0.0102683	1	0
N/A	0.0102683	1	0
N/A	0.0102683	1	0
N/A	0.0102683	1	0
N/A	0.0102683	1	0
N/A	0.0102683	1	0
N/A	0.0102683	1	0
N/A	0.0102683	1	0
N/A	0.0102683	1	0
N/A	0.0102683	1	0
N/A	0.0102683	1	0
N/A	0.0102683	1	0
N/A	0.0102683	1	0
N/A	0.0102683	1	0
N/A	0.0102683	1	0
N/A	0.0102683	1	0
N/A	0.0102683	1	0
N/A	0.0102683	1	0
N/A	0.0102683	1	0
N/A	0.0102683	1	0
N/A	0.0102683	1	0
N/A	0.0102683	1	0
N/A	0.0102683	1	0
N/A	0.0102683	1	0
N/A	0.0102683	1	0
N/A	0.0102683	1	0
N/A	0.0102683	1	0
N/A	0.0102683	1	0
N/A	0.0102683	1	0
N/A	0.0102683	1	0
N/A	0.0102683	1	0
N/A	0.0102683	1	0
N/A	0.0102683	1	0
N/A	0.0102683	1	0
N/A	0.0102683	1	0
N/A	0.0102683	1	0
N/A	0.0102683	1	0
N/A	0.0102683	1	0.0028379
N/A	0.0102683	1	0
N/A	0.0102683	1	0.0579535
N/A	0.0102683	1	0
N/A	0.0102683	1	0
N/A	0.0102683	1	0
N/A	0.0102683	1	0
N/A	0.0102683	1	0.135891
N/A	0.0102703	1	0
N/A	0.0102703	1	0.00842573
N/A	0.0102703	1	0
N/A	0.0102703	1	0
N/A	0.0102703	1	0
N/A	0.0102703	1	0
N/A	0.0102703	1	0
N/A	0.0102703	1	0
N/A	0.0102703	1	0
N/A	0.0102703	1	0
N/A	0.0102703	1	0
N/A	0.0102703	1	0
N/A	0.0102703	1	0
N/A	0.0102703	1	0
N/A	0.0102703	1	0
N/A	0.0102703	1	0
N/A	0.0102703	1	0
N/A	0.0102703	1	0
N/A	0.0102703	1	0
N/A	0.0102703	1	0
N/A	0.0102703	1	0
N/A	0.0102703	1	0
N/A	0.0102703	1	0
N/A	0.0102703	1	0
N/A	0.0102703	1	0
N/A	0.0102703	1	0
N/A	0.0102703	1	0
N/A	0.0102703	1	0
N/A	0.0102703	1	0
N/A	0.0102703	1	0
N/A	0.0102703	1	0
N/A	0.0102703	1	0
N/A	0.0102703	1	0
N/A	0.0102703	1	0
N/A	0.0102703	1	0
N/A	0.0102703	1	0
N/A	0.0102703	1	0
N/A	0.0102703	1	0
N/A	0.0102703	1	0
N/A	0.0102703	1	0
N/A	0.0102703	1	0
N/A	0.0102703	1	0
N/A	0.0102703	1	0
N/A	0.0102703	1	0
N/A	0.0102703	1	0
N/A	0.0102703	1	0
N/A	0.0102703	1	0
N/A	0.0102703	1	0
N/A	0.0102703	1	0
N/A	0.0102703	1	0
N/A	0.0102703	1	0
N/A	0.0102703	1	0
N/A	0.0102703	1	0
N/A	0.0102703	1	0
N/A	0.0102703	1	0
N/A	0.0102703	1	0
N/A	0.0102703	1	0
N/A	0.0102703	1	0
N/A	0.0102703	1	0
N/A	0.0102703	1	0
N/A	0.0102703	1	0
N/A	0.0102703	1	0
N/A	0.0102703	1	0
N/A	0.0102703	1	0
N/A	0.0102703	1	0
N/A	0.0102703	1	0
N/A	0.0102703	1	0
N/A	0.0102703	1	0
N/A	0.0102703	1	0
N/A	0.0102703	1	0
N/A	0.0102703	1	0
N/A	0.0102703	1	0
N/A	0.0102703	1	0
N/A	0.0102703	1	0
N/A	0.0102703	1	0
N/A	0.0102703	1	0
N/A	0.0102703	1	0
N/A	0.0102703	1	0
N/A	0.0102703	1	0
N/A	0.0102703	1	0
N/A	0.0102703	1	0
N/A	0.0102703	1	0
N/A	0.0102703	1	0
N/A	0.0102703	1	0
N/A	0.0102703	1	0
N/A	0.0102703	1	0
N/A	0.0102703	1	0
N/A	0.0102703	1	0
N/A	0.0102703	1	0
N/A	0.0102703	1	0
N/A	0.0102703	1	0
N/A	0.0102703	1	0
N/A	0.0102703	1	0
N/A	0.0102703	1	0
N/A	0.0102703	1	0
N/A	0.0102703	1	0
N/A	0.0102703	1	0
N/A	0.0102703	1	0
N/A	0.0102703	1	0
N/A	0.0102723	1	0
N/A	0.0102723	1	0
N/A	0.0102723	1	0
N/A	0.0102723	1	0
N/A	0.0102723	1	0
N/A	0.0102723	1	0
N/A	0.0102723	1	0
N/A	0.0102723	1	0
N/A	0.0102723	1	0
N/A	0.0102723	1	0
N/A	0.0102723	1	0
N/A	0.0102723	1	0
N/A	0.0102723	1	0
N/A	0.0102723	1	0
N/A	0.0102723	1	0
N/A	0.0102723	1	0
N/A	0.0102723	1	0
N/A	0.0102723	1	0
N/A	0.0102723	1	0
N/A	0.0102723	1	0
N/A	0.0102723	1	0
N/A	0.0102723	1	0
N/A	0.0102723	1	0
N/A	0.0102723	1	0
N/A	0.0102723	1	0
N/A	0.0102723	1	0
N/A	0.0102723	1	0
N/A	0.0102723	1	0
N/A	0.0102723	1	0.00180177
N/A	0.0102723	1	0
N/A	0.0102723	1	0
N/A	0.0102723	1	0
N/A	0.0102723	1	0
N/A	0.0102723	1	0
N/A	0.0102723	1	0
N/A	0.0102723	1	0
N/A	0.0102723	1	0
N/A	0.0102723	1	0
N/A	0.0102723	1	0
N/A	0.0102723	1	0
N/A	0.0102723	1	0
N/A	0.0102723	1	0
N/A	0.0102723	1	0
N/A	0.0102723	1	0
N/A	0.0102723	1	0
N/A	0.0102723	1	0
N/A	0.0102723	1	0
N/A	0.0102723	1	0
N/A	0.0102723	1	0
N/A	0.0102723	1	0
N/A	0.0102723	1	0
N/A	0.0102723	1	0
N/A	0.0102723	1	0
N/A	0.0102723	1	0
N/A	0.0102723	1	0
N/A	0.0102723	1	0
N/A	0.0102723	1	0
N/A	0.0102723	1	0
N/A	0.0102723	1	0.119185
N/A	0.0102723	1	0
N/A	0.0102723	1	0
N/A	0.0102723	1	0.143335
N/A	0.0102723	1	0
N/A	0.0102723	1	0
N/A	0.0102723	1	0
N/A	0.0102723	1	0
N/A	0.0102723	1	0
N/A	0.0102723	1	0.112905
N/A	0.0102723	1	0
N/A	0.0102723	1	0
N/A	0.0102723	1	0
N/A	0.0102723	1	0
N/A	0.0102723	1	0
N/A	0.0102723	1	0
N/A	0.0102723	1	0
N/A	0.0102723	1	0
N/A	0.0102723	1	0
N/A	0.0102723	1	0
N/A	0.0102723	1	0
N/A	0.0102723	1	0
N/A	0.0102723	1	0
N/A	0.0102723	1	0
N/A	0.0102723	1	0
N/A	0.0102723	1	0
N/A	0.0102723	1	0
N/A	0.0102723	1	0
N/A	0.0102723	1	0
N/A	0.0102723	1	0
N/A	0.0102723	1	0
N/A	0.0102723	1	0
N/A	0.0102723	1	0
N/A	0.0102723	1	0
N/A	0.0102723	1	0
N/A	0.0102723	1	0
N/A	0.0102723	1	0.239604
N/A	0.0102723	1	0
N/A	0.0102723	1	0
N/A	0.0102743	1	0
N/A	0.0102743	1	0
N/A	0.0102743	1	0
N/A	0.0102743	1	0
N/A	0.0102743	1	0
N/A	0.0102743	1	0
N/A	0.0102743	1	0
N/A	0.0102743	1	0
N/A	0.0102743	1	0
N/A	0.0102743	1	0
N/A	0.0102743	1	0
N/A	0.0102743	1	0
N/A	0.0102743	1	0
N/A	0.0102743	1	0
N/A	0.0102743	1	0
N/A	0.0102743	1	0
N/A	0.0102743	1	0
N/A	0.0102743	1	0
N/A	0.0102743	1	0.0157553
N/A	0.0102743	1	0
N/A	0.0102743	1	0
N/A	0.0102743	1	0
N/A	0.0102743	1	0.013688
N/A	0.0102743	1	0
N/A	0.0102743	1	0
N/A	0.0102743	1	0
N/A	0.0102743	1	0
N/A	0.0102743	1	0
N/A	0.0102743	1	0
N/A	0.0102743	1	0
N/A	0.0102743	1	0
N/A	0.0102743	1	0
N/A	0.0102743	1	0
N/A	0.0102743	1	0
N/A	0.0102743	1	0
N/A	0.0102743	1	0
N/A	0.0102743	1	0
N/A	0.0102743	1	0
N/A	0.0102743	1	0
N/A	0.0102743	1	0
N/A	0.0102743	1	0
N/A	0.0102743	1	0
N/A	0.0102743	1	0
N/A	0.0102743	1	0
N/A	0.0102743	1	0
N/A	0.0102743	1	0
N/A	0.0102743	1	0
N/A	0.0102743	1	0
N/A	0.0102743	1	0
N/A	0.0102743	1	0
N/A	0.0102743	1	0
N/A	0.0102743	1	0
N/A	0.0102743	1	0
N/A	0.0102743	1	0
N/A	0.0102743	1	0
N/A	0.0102743	1	0
N/A	0.0102743	1	0
N/A	0.0102743	1	0
N/A	0.0102743	1	0
N/A	0.0102743	1	0
N/A	0.0102743	1	0
N/A	0.0102743	1	0
N/A	0.0102743	1	0
N/A	0.0102743	1	0
N/A	0.0102743	1	0
N/A	0.0102743	1	0
N/A	0.0102743	1	0
N/A	0.0102743	1	0
N/A	0.0102743	1	0
N/A	0.0102743	1	0
N/A	0.0102743	1	0
N/A	0.0102743	1	0
N/A	0.0102743	1	0
N/A	0.0102743	1	0
N/A	0.0102743	1	0
N/A	0.0102743	1	0
N/A	0.0102743	1	0
N/A	0.0102743	1	0
N/A	0.0102743	1	0
N/A	0.0102743	1	0
N/A	0.0102743	1	0
N/A	0.0102743	1	0
N/A	0.0102743	1	0
N/A	0.0102743	1	0
N/A	0.0102743	1	0
N/A	0.0102743	1	0
N/A	0.0102743	1	0
N/A	0.0102743	1	0
N/A	0.0102743	1	0
N/A	0.0102743	1	0
N/A	0.0102743	1	0
N/A	0.0102743	1	0
N/A	0.0102743	1	0
N/A	0.0102743	1	0
N/A	0.0102743	1	0
N/A	0.0102743	1	0
N/A	0.0102743	1	0
N/A	0.0102743	1	0
N/A	0.0102743	1	0
N/A	0.0102743	1	0
N/A	0.0102743	1	0
N/A	0.0102743	1	0
N/A	0.0102743	1	0
N/A	0.0102743	1	0
N/A	0.0102743	1	0
N/A	0.0102763	1	0
N/A	0.0102763	1	0
N/A	0.0102763	1	0
N/A	0.0102763	1	0
N/A	0.0102763	1	0
N/A	0.0102763	1	0
N/A	0.0102763	1	0
N/A	0.0102763	1	0
N/A	0.0102763	1	0
N/A	0.0102763	1	0
N/A	0.0102763	1	0
N/A	0.0102763	1	0
N/A	0.0102763	1	0
N/A	0.0102763	1	0
N/A	0.0102763	1	0
N/A	0.0102763	1	0
N/A	0.0102763	1	0
N/A	0.0102763	1	0
N/A	0.0102763	1	0
N/A	0.0102763	1	0
N/A	0.0102763	1	0
N/A	0.0102763	1	0
N/A	0.0102763	1	0
N/A	0.0102763	1	0
N/A	0.0102763	1	0
N/A	0.0102763	1	0
N/A	0.0102763	1	0
N/A	0.0102763	1	0
N/A	0.0102763	1	0
N/A	0.0102763	1	0
N/A	0.0102763	1	0
N/A	0.0102763	1	0
N/A	0.0102763	1	0
N/A	0.0102763	1	0
N/A	0.0102763	1	0
N/A	0.0102763	1	0
N/A	0.0102763	1	0
N/A	0.0102763	1	0
N/A	0.0102763	1	0
N/A	0.0102763	1	0
N/A	0.0102763	1	0
N/A	0.0102763	1	0
N/A	0.0102763	1	0
N/A	0.0102763	1	0
N/A	0.0102763	1	0
N/A	0.0102763	1	0
N/A	0.0102763	1	0
N/A	0.0102763	1	0
N/A	0.0102763	1	0
N/A	0.0102763	1	0
N/A	0.0102763	1	0
N/A	0.0102763	1	0
N/A	0.0102763	1	0
N/A	0.0102763	1	0
N/A	0.0102763	1	0
N/A	0.0102763	1	0
N/A	0.0102763	1	0
N/A	0.0102763	1	0.00582914
N/A	0.0102763	1	0
N/A	0.0102763	1	0
N/A	0.0102763	1	0
N/A	0.0102763	1	0
N/A	0.0102763	1	0
N/A	0.0102763	1	0
N/A	0.0102763	1	0
N/A	0.0102763	1	0
N/A	0.0102763	1	0
N/A	0.0102763	1	0
N/A	0.0102763	1	0
N/A	0.0102763	1	0
N/A	0.0102763	1	0
N/A	0.0102763	1	0
N/A	0.0102763	1	0
N/A	0.0102763	1	0
N/A	0.0102763	1	0
N/A	0.0102763	1	0
N/A	0.0102763	1	0
N/A	0.0102763	1	0
N/A	0.0102763	1	0
N/A	0.0102763	1	0
N/A	0.0102763	1	0
N/A	0.0102763	1	0
N/A	0.0102763	1	0
N/A	0.0102763	1	0
N/A	0.0102763	1	0
N/A	0.0102763	1	0
N/A	0.0102763	1	0
N/A	0.0102763	1	0
N/A	0.0102763	1	0
N/A	0.0102763	1	0
N/A	0.0102763	1	0.105454
N/A	0.0102763	1	0
N/A	0.0102763	1	0
N/A	0.0102763	1	0
N/A	0.0102763	1	0
N/A	0.0102763	1	0
N/A	0.0102763	1	0
N/A	0.0102763	1	0
N/A	0.0102763	1	0
N/A	0.0102763	1	0
N/A	0.0102763	1	0.187696
N/A	0.0102763	1	0
N/A	0.0102763	1	0
N/A	0.0102763	1	0
N/A	0.0102763	1	0
N/A	0.0102763	1	0
N/A	0.0102763	1	0
N/A	0.0102763	1	0
N/A	0.0102763	1	0
N/A	0.0102763	1	0
N/A	0.0102763	1	0
N/A	0.0102763	1	0
N/A	0.0102763	1	0
N/A	0.0102763	1	0
N/A	0.0102763	1	0
N/A	0.0102763	1	0.0983825
N/A	0.0102763	1	0.086196
N/A	0.0102763	1	0
N/A	0.0102763	1	0
N/A	0.0102763	1	0.00611992
N/A	0.0102763	1	0
N/A	0.0102763	1	0
N/A	0.0102763	1	0
N/A	0.0102763	1	0
N/A	0.0102763	1	0
N/A	0.0102763	1	0
N/A	0.0102763	1	0
N/A	0.0102763	1	0
N/A	0.0102763	1	0
N/A	0.0102763	1	0
N/A	0.0102763	1	0
N/A	0.0102763	1	0
N/A	0.0102763	1	0
N/A	0.0102763	1	0
N/A	0.0102763	1	0
N/A	0.0102763	1	0
N/A	0.0102763	1	0
N/A	0.0102763	1	0
N/A	0.0102763	1	0
N/A	0.0102763	1	0
N/A	0.0102763	1	0
N/A	0.0102763	1	0
N/A	0.0102763	1	0
N/A	0.0102763	1	0
N/A	0.0102763	1	0
N/A	0.0102763	1	0
N/A	0.0102763	1	0
N/A	0.0102763	1	0
N/A	0.0102763	1	0.107119
N/A	0.0102763	1	0
N/A	0.0102763	1	0
N/A	0.0102783	1	0
N/A	0.0102783	1	0
N/A	0.0102783	1	0
N/A	0.0102783	1	0
N/A	0.0102783	1	0
N/A	0.0102783	1	0
N/A	0.0102783	1	0
N/A	0.0102783	1	0
N/A	0.0102783	1	0
N/A	0.0102783	1	0
N/A	0.0102783	1	0
N/A	0.0102783	1	0
N/A	0.0102783	1	0
N/A	0.0102783	1	0
N/A	0.0102783	1	0
N/A	0.0102783	1	0
N/A	0.0102783	1	0
N/A	0.0102783	1	0
N/A	0.0102783	1	0.0430677
N/A	0.0102783	1	0
N/A	0.0102783	1	0
N/A	0.0102783	1	0
N/A	0.0102783	1	0
N/A	0.0102783	1	0
N/A	0.0102783	1	0
N/A	0.0102783	1	0
N/A	0.0102783	1	0
N/A	0.0102783	1	0
N/A	0.0102783	1	0
N/A	0.0102783	1	0
N/A	0.0102783	1	0
N/A	0.0102783	1	0
N/A	0.0102783	1	0
N/A	0.0102783	1	0
N/A	0.0102783	1	0
N/A	0.0102783	1	0
N/A	0.0102783	1	0
N/A	0.0102783	1	0
N/A	0.0102783	1	0
N/A	0.0102783	1	0
N/A	0.0102783	1	0
N/A	0.0102783	1	0
N/A	0.0102783	1	0
N/A	0.0102783	1	0
N/A	0.0102783	1	0
N/A	0.0102783	1	0
N/A	0.0102783	1	0
N/A	0.0102783	1	0
N/A	0.0102783	1	0
N/A	0.0102783	1	0
N/A	0.0102783	1	0.0233171
N/A	0.0102783	1	0
N/A	0.0102783	1	0
N/A	0.0102783	1	0
N/A	0.0102783	1	0
N/A	0.0102783	1	0
N/A	0.0102783	1	0
N/A	0.0102783	1	0
N/A	0.0102783	1	0
N/A	0.0102783	1	0
N/A	0.0102783	1	0
N/A	0.0102783	1	0
N/A	0.0102783	1	0
N/A	0.0102783	1	0
N/A	0.0102783	1	0
N/A	0.0102783	1	0
N/A	0.0102783	1	0
N/A	0.0102783	1	0
N/A	0.0102783	1	0
N/A	0.0102783	1	0
N/A	0.0102783	1	0
N/A	0.0102783	1	0
N/A	0.0102783	1	0
N/A	0.0102783	1	0
N/A	0.0102783	1	0
N/A	0.0102783	1	0
N/A	0.0102783	1	0
N/A	0.0102783	1	0
N/A	0.0102783	1	0
N/A	0.0102783	1	0
N/A	0.0102783	1	0
N/A	0.0102783	1	0
