position	distance	allele0	allele1
N/A	0	1	0.60444
N/A	0	1	0.465674
N/A	0	1	1.21494
N/A	0	1	0.641393
N/A	0	1	0.87919
N/A	0	1	0.833583
N/A	0	1	1.09298
N/A	0	1	0.490518
N/A	0	1	0.973586
N/A	0	1	0.916251
N/A	0	1	0
N/A	0	1	0.928715
N/A	0	1	1.02837
N/A	0	1	0.979204
N/A	0	1	0.975575
N/A	0	1	0.563534
N/A	0	1	0.950092
N/A	0	1	1.24651
N/A	0	1	0
N/A	0	1	0.858362
N/A	0	1	0.740156
N/A	0	1	1.0177
N/A	0	1	0.963169
N/A	0	1	0
N/A	0	1	1.04063
N/A	0	1	0.884873
N/A	0	1	0.868418
N/A	0	1	0.939864
N/A	0	1	1.0355
N/A	0	1	0.301668
N/A	0	1	1.14018
N/A	0	1	0.436524
N/A	0	1	1.32284
N/A	0	1	0.284071
N/A	0	1	0
N/A	0	1	0.901104
N/A	0	1	0.975647
N/A	0	1	0.812672
N/A	0	1	0.475104
N/A	0	1	0
N/A	0	1	0.903787
N/A	0	1	0.326471
N/A	0	1	0.71111
N/A	0	1	0
N/A	0	1	0.686139
N/A	0	1	0.784979
N/A	0	1	1.12574
N/A	0	1	0.944534
N/A	0	1	0.448475
N/A	0	1	0.947428
N/A	0	1	0.540377
N/A	0	1	0.37328
N/A	0	1	0.954349
N/A	0	1	0.97085
N/A	0	1	0.991029
N/A	0	1	0
N/A	0	1	0.909511
N/A	0	1	0.208994
N/A	0	1	0.698091
N/A	0	1	0.270606
N/A	0	1	0
N/A	0	1	0.78921
N/A	0	1	0.986962
N/A	0	1	0.639922
N/A	0	1	0
N/A	0	1	0.381118
N/A	0	1	0.914415
N/A	0	1	0.838401
N/A	0	1	0.736832
N/A	0	1	0.973633
N/A	0	1	0.901888
N/A	0	1	0
N/A	0	1	1.02473
N/A	0	1	0
N/A	0	1	0.38561
N/A	0	1	0.88991
N/A	0	1	1.02521
N/A	0	1	0.73253
N/A	0	1	0.650096
N/A	0	1	0.898611
N/A	0	1	0.810219
N/A	0	1	0.820944
N/A	0	1	0.84548
N/A	0	1	0.866686
N/A	0	1	1.14198
N/A	0	1	0.221591
N/A	0	1	0.823117
N/A	0	1	0.919214
N/A	0	1	0.851566
N/A	0	1	0
N/A	0	1	0.97134
N/A	0	1	0.550255
N/A	0	1	0.411448
N/A	0	1	0.946884
N/A	0	1	0.359142
N/A	0	1	0.851507
N/A	0	1	0.820953
N/A	0	1	1.15844
N/A	0	1	0.997387
N/A	0	1	1.35956
N/A	0	1	0.721607
N/A	0	1	0
N/A	0	1	0.240433
N/A	0	1	1.03218
N/A	0	1	0
N/A	0	1	0.447165
N/A	0	1	0.773037
N/A	0	1	0.964329
N/A	0	1	1.11423
N/A	0	1	1.08751
N/A	0	1	0.525772
N/A	0	1	0
N/A	0	1	0.404525
N/A	0	1	0.887382
N/A	0	1	0.688218
N/A	0	1	0.997653
N/A	0	1	0.919857
N/A	0	1	0.653637
N/A	0	1	1.07665
N/A	0	1	0.711352
N/A	0	1	0.410199
N/A	0	1	0.0996486
N/A	0	1	1.01259
N/A	0	1	1.01202
N/A	0	1	0.873325
N/A	0	1	0.622929
N/A	0	1	1.14792
N/A	0	1	0.525822
N/A	0	1	1.26093
N/A	0	1	0.947803
N/A	0	1	1.00109
N/A	0	1	0
N/A	0	1	0.809175
N/A	0	1	0.887884
N/A	0	1	0.676064
N/A	0	1	0.423113
N/A	0	1	1.04505
N/A	0	1	0.998002
N/A	0	1	0.870081
N/A	0	1	0.125283
N/A	0	1	1.02272
N/A	0	1	0
N/A	0	1	0
N/A	0	1	0.728033
N/A	0	1	0.982346
N/A	0	1	0.350472
N/A	0	1	0.0969623
N/A	0	1	0.794915
N/A	0	1	0.939195
N/A	0	1	0.861593
N/A	0	1	0.952825
N/A	0	1	1.05895
N/A	0	1	0.854389
N/A	0	1	0.364442
N/A	0	1	1.00162
N/A	0	1	0
N/A	0	1	0.317538
N/A	0	1	0
N/A	0	1	0
N/A	0	1	0.756782
N/A	0	1	0
N/A	0	1	0
N/A	0	1	0.605439
N/A	0	1	0.967112
N/A	0	1	0.767717
N/A	0	1	0
N/A	0	1	1.07809
N/A	0	1	0
N/A	0	1	0.639595
N/A	0	1	0.668418
N/A	0	1	0.862309
N/A	0	1	0.330048
N/A	0	1	1.0289
N/A	0	1	0.989456
N/A	0	1	0.720187
N/A	0	1	0
N/A	0	1	0.635205
N/A	0	1	1.03915
N/A	0	1	0
N/A	0	1	0.895346
N/A	0	1	0
N/A	0	1	0.986548
N/A	0	1	0.870395
N/A	0	1	0.744349
N/A	0	1	0.645195
N/A	0	1	0.967874
N/A	0	1	1.05747
N/A	0	1	1.12221
N/A	0	1	0.524619
N/A	0	1	0.344035
N/A	0	1	0.718236
N/A	0	1	0.843719
N/A	0	1	0
N/A	0	1	0.920109
N/A	0	1	0.987921
N/A	0	1	0.708895
N/A	0	1	0.88202
N/A	0	1	1.01518
N/A	0	1	0.868966
N/A	0	1	0.902665
N/A	0	1	0.865928
N/A	0	1	0.428355
N/A	0	1	0.81242
N/A	0	1	0.776133
N/A	0	1	0.364939
N/A	0	1	1.24274
N/A	0	1	1.09827
N/A	0	1	1.00615
N/A	0	1	0.672788
N/A	0	1	0
N/A	0	1	0.896925
N/A	0	1	0.403871
N/A	0	1	0.555472
N/A	0	1	0
N/A	0	1	0.141994
N/A	0	1	1.26872
N/A	0	1	0.266533
N/A	0	1	0
N/A	0	1	0
N/A	0	1	0.342786
N/A	0	1	0.475051
N/A	0	1	0
N/A	0	1	0.691279
N/A	0	1	1.17195
N/A	0	1	0.951683
N/A	0	1	0.814207
N/A	0	1	0.970167
N/A	0	1	0.708923
N/A	0	1	0.970142
N/A	0	1	0.808825
N/A	0	1	0
N/A	0	1	1.00543
N/A	0	1	1.02046
N/A	0	1	1.05057
N/A	0	1	0.611036
N/A	0	1	0.692844
N/A	0	1	0.463415
N/A	0	1	0.512358
N/A	0	1	0.793653
N/A	0	1	0.832293
N/A	0	1	0.0702038
N/A	0	1	0.63722
N/A	0	1	0.705393
N/A	0	1	0.883442
N/A	0	1	0
N/A	0	1	0.790486
N/A	0	1	0.736217
N/A	0	1	0.536359
N/A	0	1	0.726008
N/A	0	1	0.560479
N/A	0	1	1.26725
N/A	0	1	0
N/A	0	1	1.28476
N/A	0	1	0.605858
N/A	0	1	0.605463
N/A	0	1	0.770036
N/A	0	1	0.916863
N/A	0	1	0.677519
N/A	0	1	0.4044
N/A	0	1	0.751497
N/A	0	1	0
N/A	0	1	1.04648
N/A	0	1	1.04942
N/A	0	1	0.581125
N/A	0	1	0.964375
N/A	0	1	0.3473
N/A	0	1	1.02675
N/A	0	1	0.961606
N/A	0	1	0.256955
N/A	0	1	0.728817
N/A	0	1	0.270477
N/A	0	1	0
N/A	0	1	0
N/A	0	1	0
N/A	0	1	1.17482
N/A	0	1	0.605999
N/A	0	1	1.12049
N/A	0	1	1.06673
N/A	0	1	1.03218
N/A	0	1	0.885475
N/A	0	1	1.02015
N/A	0	1	0.281247
N/A	0	1	0.997685
N/A	0	1	0.72369
N/A	0	1	0.85539
N/A	0	1	0
N/A	0	1	0.857858
N/A	0	1	0.96106
N/A	0	1	0.976922
N/A	0	1	0
N/A	0	1	0.46333
N/A	0	1	0
N/A	0	1	0.484535
N/A	0	1	1.04404
N/A	0	1	0.597164
N/A	0	1	0.990771
N/A	0	1	1.05658
N/A	0	1	0.656865
N/A	0	1	0.674737
N/A	0	1	0.70092
N/A	0	1	1.00085
N/A	0	1	0.517595
N/A	0	1	0.928748
N/A	0	1	1.18421
N/A	0	1	0.415936
N/A	0	1	1.13368
N/A	0	1	0.905825
N/A	0	1	1.00382
N/A	0	1	0
N/A	0	1	1.21781
N/A	0	1	0
N/A	0	1	0.43602
N/A	0	1	1.0059
N/A	0	1	0.760943
N/A	0	1	1.04739
N/A	0	1	1.02123
N/A	0	1	0.259109
N/A	0	1	0.97408
N/A	0	1	0.452884
N/A	0	1	0.877744
N/A	0	1	0.634455
N/A	0	1	0.497469
N/A	0	1	0.459263
N/A	0	1	0.468039
N/A	0	1	0.882573
N/A	0	1	1.03402
N/A	0	1	0.823268
N/A	0	1	1.03456
N/A	0	1	0.859634
N/A	0	1	0.517664
N/A	0	1	0.85045
N/A	0	1	1.08451
N/A	0	1	0.607364
N/A	0	1	0.916338
N/A	0	1	0.809029
N/A	0	1	0.973504
N/A	0	1	1.01318
N/A	0	1	0.546103
N/A	0	1	0.661741
N/A	0	1	1.03992
N/A	0	1	0.619431
N/A	0	1	1.05429
N/A	0	1	0.731521
N/A	0	1	0.873461
N/A	0	1	1.00465
N/A	0	1	0.259122
N/A	0	1	0.989983
N/A	0	1	0.872656
N/A	0	1	0.709261
N/A	0	1	0.525382
N/A	0	1	0.368791
N/A	0	1	0
N/A	0	1	1.16225
N/A	0	1	0.941308
N/A	0	1	0.277123
N/A	0	1	1.07397
N/A	0	1	0.91777
N/A	0	1	0.394235
N/A	0	1	0.584212
N/A	0	1	0.599197
N/A	0	1	0.650871
N/A	0	1	1.03064
N/A	0	1	1.14615
N/A	0	1	0.930905
N/A	0	1	0.884662
N/A	0	1	0
N/A	0	1	0.666401
N/A	0	1	0.568031
N/A	0	1	0.809609
N/A	0	1	0.956374
N/A	0	1	1.04898
N/A	0	1	0.978409
N/A	0	1	0
N/A	0	1	0.72677
N/A	0	1	0.838296
N/A	0	1	0.554583
N/A	0	1	0.500434
N/A	0	1	1.01745
N/A	0	1	0.777306
N/A	0	1	1.01806
N/A	0	1	0.869291
N/A	0	1	0.609217
N/A	0	1	1.08212
N/A	0	1	0.562367
N/A	0	1	0.847423
N/A	0	1	0.865762
N/A	0	1	0.647505
N/A	0	1	0.774829
N/A	0	1	0.623681
N/A	0	1	0.82474
N/A	0	1	0.606585
N/A	0	1	0
N/A	0	1	0.969598
N/A	0	1	0
N/A	0	1	0.859985
N/A	0	1	0.902047
N/A	0	1	0.34559
N/A	0	1	0.13398
N/A	0	1	0.965878
N/A	0	1	1.04668
N/A	0	1	1.0549
N/A	0	1	0.696393
N/A	0	1	0
N/A	0	1	0.572469
N/A	0	1	1.14779
N/A	0	1	1.02434
N/A	0	1	0.640387
N/A	0	1	0.861971
N/A	0	1	1.06193
N/A	0	1	0.97993
N/A	0	1	0.532887
N/A	0	1	0.929546
N/A	0	1	1.1782
N/A	0	1	0.827276
N/A	0	1	0.180179
N/A	0	1	0
N/A	0	1	0.950653
N/A	0	1	0.707547
N/A	0	1	1.24847
N/A	0	1	0
N/A	0	1	1.02555
N/A	0	1	0.783368
N/A	0	1	0
N/A	0	1	1.02304
N/A	0	1	0.778419
N/A	0	1	1.03173
N/A	0	1	0.578426
N/A	0	1	1.06498
N/A	0	1	0.828801
N/A	0	1	0.900009
N/A	0	1	0.658334
N/A	0	1	0.74039
N/A	0	1	1.14747
N/A	0	1	0
N/A	0	1	1.11684
N/A	0	1	0.863305
N/A	0	1	0.53584
N/A	0	1	0.134372
N/A	0	1	0.84748
N/A	0	1	0
N/A	0	1	0.622205
N/A	0	1	0.36987
N/A	0	1	0.413232
N/A	0	1	0.684605
N/A	0	1	0
N/A	0	1	0.498786
N/A	0	1	0.667228
N/A	0	1	0.644576
N/A	0	1	0.941201
N/A	0	1	0.676851
N/A	0	1	0.765556
N/A	0	1	0.788821
N/A	0	1	0.778368
N/A	0	1	0.814361
N/A	0	1	0.986574
N/A	0	1	0.867578
N/A	0	1	1.01803
N/A	0	1	0.413879
N/A	0	1	0
N/A	0	1	1.09274
N/A	0	1	0.8906
N/A	0	1	0
N/A	0	1	1.12906
N/A	0	1	0.727133
N/A	0	1	0.947298
N/A	0	1	0.960434
N/A	0	1	0
N/A	0	1	0.846503
N/A	0	1	0
N/A	0	1	1.08658
N/A	0	1	0.79609
N/A	0	1	0.856389
N/A	0	1	0.403243
N/A	0	1	0.827373
N/A	0	1	0.47658
N/A	0	1	0.611692
N/A	0	1	0.754915
N/A	0	1	0.44567
N/A	0	1	0.937767
N/A	0	1	0.845296
N/A	0	1	0.7029
N/A	0	1	0.935917
N/A	0	1	0
N/A	0	1	0.632004
N/A	0	1	0.859072
N/A	0	1	0
N/A	0	1	0.755747
N/A	0	1	0.501282
N/A	0	1	0.510969
N/A	0	1	0.909807
N/A	0	1	1.14197
N/A	0	1	1.08326
N/A	0	1	0.752867
N/A	0	1	0
N/A	0	1	0
N/A	0	1	0.912149
N/A	0	1	0.28666
N/A	0	1	0.973462
N/A	0	1	0.961729
N/A	0	1	0.702055
N/A	0	1	0.727761
N/A	0	1	0.702963
N/A	0	1	0.833974
N/A	0	1	0.284889
N/A	0	1	1.08382
N/A	0	1	1.02647
N/A	0	1	1.02579
N/A	0	1	1.02781
N/A	0	1	1.00551
N/A	0	1	0.389957
N/A	0	1	0.74641
N/A	0	1	1.12902
N/A	0	1	0.96812
N/A	0	1	0.662042
N/A	0	1	0.703292
N/A	0	1	0.677515
N/A	0	1	1.02855
N/A	0	1	0.450132
N/A	0	1	0.498234
N/A	0	1	0.194482
N/A	0	1	0.578213
N/A	0	1	0.670885
N/A	0	1	1.297
N/A	0	1	0.650649
N/A	0	1	1.12727
N/A	0	1	0
N/A	0	1	0.962323
N/A	0	1	0.636135
N/A	0	1	0
N/A	0	1	0.865229
N/A	0	1	1.0744
N/A	0	1	0.187346
N/A	0	1	1.39917
N/A	0	1	1.00121
N/A	0	1	1.04762
N/A	0	1	0.966927
N/A	0	1	1.04482
N/A	0	1	1.07841
N/A	0	1	0.973991
N/A	0	1	0.510846
N/A	0	1	0.00635381
N/A	0	1	0.60549
N/A	0	1	0.642697
N/A	0	1	0.29368
N/A	0	1	0.704909
N/A	0	1	0.81849
N/A	0	1	0
N/A	0	1	0
N/A	0	1	1.00129
N/A	0	1	0.90886
N/A	0	1	0
N/A	0	1	0
N/A	0	1	0.455669
N/A	0	1	0.473134
N/A	0	1	0.27198
N/A	0	1	0
N/A	0	1	1.04499
N/A	0	1	0
N/A	0	1	0.685571
N/A	0	1	0.597064
N/A	0	1	1.41972
N/A	0	1	1.20165
N/A	0	1	0.979302
N/A	0	1	0
N/A	0	1	0.192398
N/A	0	1	0.829187
N/A	0	1	1.06251
N/A	0	1	1.09129
N/A	0	1	1.16636
N/A	0	1	0.729134
N/A	0	1	0.836315
N/A	0	1	0.68691
N/A	0	1	0.67351
N/A	0	1	0.873988
N/A	0	1	0.68269
N/A	0	1	0.588594
N/A	0	1	0.568161
N/A	0	1	1.03353
N/A	0	1	0.988047
N/A	0	1	1.20751
N/A	0	1	0.980105
N/A	0	1	0.923247
N/A	0	1	0.674269
N/A	0	1	0.238339
N/A	0	1	0.976334
N/A	0	1	0.942427
N/A	0	1	0.603813
N/A	0	1	0
N/A	0	1	0.982157
N/A	0	1	0.796148
N/A	0	1	1.20368
N/A	0	1	1.05769
N/A	0	1	0.685795
N/A	0	1	1.00048
N/A	0	1	0
N/A	0	1	0.896866
N/A	0	1	0.243118
N/A	0	1	0.171704
N/A	0	1	1.02087
N/A	0	1	0.569355
N/A	0	1	0.448262
N/A	0	1	0.14704
N/A	0	1	0.986841
N/A	0	1	0.687086
N/A	0	1	0
N/A	0	1	0.745734
N/A	0	1	0
N/A	0	1	0.999268
N/A	0	1	0.641664
N/A	0	1	0.581818
N/A	0	1	1.2345
N/A	0	1	1.01535
N/A	0	1	0.616682
N/A	0	1	1.25995
N/A	0	1	0.71139
N/A	0	1	0.578493
N/A	0	1	0.992373
N/A	0	1	0.902587
N/A	0	1	0.558329
N/A	0	1	0.726442
N/A	0	1	0.757391
N/A	0	1	0.922172
N/A	0	1	0.81465
N/A	0	1	0.943199
N/A	0	1	0
N/A	0	1	0.845682
N/A	0	1	0.571999
N/A	0	1	0
N/A	0	1	0.775082
N/A	0	1	0.868851
N/A	0	1	0.442126
N/A	0	1	1.43994
N/A	0	1	0.725089
N/A	0	1	0.923856
N/A	0	1	0.0781376
N/A	0	1	1.13
N/A	0	1	1.11941
N/A	0	1	0.910451
N/A	0	1	0.397791
N/A	0	1	0
N/A	0	1	0.763998
N/A	0	1	0.626982
N/A	0	1	1.04238
N/A	0	1	0.992698
N/A	0	1	0.841506
N/A	0	1	0.914063
N/A	0	1	0.562044
N/A	0	1	1.09989
N/A	0	1	1.22045
N/A	0	1	1.046
N/A	0	1	0.553644
N/A	0	1	0.595388
N/A	0	1	0.719779
N/A	0	1	0.955029
N/A	0	1	0.824469
N/A	0	1	0.841825
N/A	0	1	0.379497
N/A	0	1	1.10417
N/A	0	1	0.456791
N/A	0	1	1.01361
N/A	0	1	0.649789
N/A	0	1	0.995539
N/A	0	1	0.98075
N/A	0	1	0.965764
N/A	0	1	0.561256
N/A	0	1	0.85739
N/A	0	1	0.950621
N/A	0	1	0.490421
N/A	0	1	1.04444
N/A	0	1	0
N/A	0	1	0.998719
N/A	0	1	0
N/A	0	1	0.706375
N/A	0	1	0.84
N/A	0	1	0.867083
N/A	0	1	0.90544
N/A	0	1	0.852718
N/A	0	1	0.761113
N/A	0	1	0.493344
N/A	0	1	0.994199
N/A	0	1	0.679372
N/A	0	1	0.92127
N/A	0	1	0.436888
N/A	0	1	0.60906
N/A	0	1	1.09197
N/A	0	1	0.929969
N/A	0	1	0.862237
N/A	0	1	1.04198
N/A	0	1	0.719953
N/A	0	1	0.195943
N/A	0	1	0.714522
N/A	0	1	0.867069
N/A	0	1	1.01674
N/A	0	1	0.218693
N/A	0	1	0.913822
N/A	0	1	0.807506
N/A	0	1	0.647057
N/A	0	1	0.52418
N/A	0	1	0
N/A	0	1	0.757749
N/A	0	1	0.950626
N/A	0	1	0
N/A	0	1	0
N/A	0	1	0.85502
N/A	0	1	0.942089
N/A	0	1	1.08312
N/A	0	1	0.984052
N/A	0	1	0.997807
N/A	0	1	0
N/A	0	1	0.618616
N/A	0	1	1.01744
N/A	0	1	1.24342
N/A	0	1	0.994555
N/A	0	1	1.09646
N/A	0	1	1.00199
N/A	0	1	0.302566
N/A	0	1	0.949272
N/A	0	1	0.453858
N/A	0	1	1.04113
N/A	0	1	0.477075
N/A	0	1	0.460252
N/A	0	1	0.474466
N/A	0	1	0.485132
N/A	0	1	0.211227
N/A	0	1	0.780025
N/A	0	1	0.135545
N/A	0	1	0.0559103
N/A	0	1	0.997471
N/A	0	1	0.740519
N/A	0	1	0.649555
N/A	0	1	0
N/A	0	1	0.808323
N/A	0	1	0.827778
N/A	0	1	0.585843
N/A	0	1	0.712266
N/A	0	1	0.884443
N/A	0	1	1.01241
N/A	0	1	1.03047
N/A	0	1	0.809305
N/A	0	1	1.04981
N/A	0	1	0.316897
N/A	0	1	0.945778
N/A	0	1	0.164795
N/A	0	1	0
N/A	0	1	0.929953
N/A	0	1	1.03431
N/A	0	1	1.09026
N/A	0	1	0.833692
N/A	0	1	0.815793
N/A	0	1	0.10802
N/A	0	1	0.974211
N/A	0	1	0.937856
N/A	0	1	0
N/A	0	1	0.582375
N/A	0	1	1.00351
N/A	0	1	0.931324
N/A	0	1	0.807995
N/A	0	1	1.08231
N/A	0	1	0.742626
N/A	0	1	1.02555
N/A	0	1	0.684837
N/A	0	1	1.03548
N/A	0	1	0.560513
N/A	0	1	0.45353
N/A	0	1	0
N/A	0	1	0.854988
N/A	0	1	0.873767
N/A	0	1	1.06678
N/A	0	1	1.16323
N/A	0	1	0.160971
N/A	0	1	0.963205
N/A	0	1	0.540704
N/A	0	1	1.08582
N/A	0	1	0.679175
N/A	0	1	0
N/A	0	1	0.956995
N/A	0	1	0.633436
N/A	0	1	0.805025
N/A	0	1	0.6049
N/A	0	1	1.15065
N/A	0	1	0.876115
N/A	0	1	0.152562
N/A	0	1	0.461606
N/A	0	1	0.219687
N/A	0	1	0.90429
N/A	0	1	0
N/A	0	1	0.842694
N/A	0	1	0.884151
N/A	0	1	0.645729
N/A	0	1	0.927241
N/A	0	1	0.996871
N/A	0	1	0.960055
N/A	0	1	0.46653
N/A	0	1	0.669537
N/A	0	1	0.893225
N/A	0	1	1.07969
N/A	0	1	0.995968
N/A	0	1	0.0233815
N/A	0	1	0.281407
N/A	0	1	0.134331
N/A	0	1	0
N/A	0	1	0.635471
N/A	0	1	0.671789
N/A	0	1	0
N/A	0	1	1.00399
N/A	0	1	1.08595
N/A	0	1	0.923297
N/A	0	1	1.0114
N/A	0	1	1.01188
N/A	0	1	0.29266
N/A	0	1	0.937908
N/A	0	1	1.0812
N/A	0	1	0.597246
N/A	0	1	0
N/A	0	1	0
N/A	0	1	0.851994
N/A	0	1	1.29193
N/A	0	1	0.783808
N/A	0	1	0
N/A	0	1	0.586209
N/A	0	1	0.978829
N/A	0	1	0
N/A	0	1	0
N/A	0	1	0.428879
N/A	0	1	1.03552
N/A	0	1	0.52496
N/A	0	1	0.695329
N/A	0	1	0
N/A	0	1	0
N/A	0	1	1.04843
N/A	0	1	0.310611
N/A	0	1	1.03609
N/A	0	1	0.483349
N/A	0	1	1.05163
N/A	0	1	0.716869
N/A	0	1	0
N/A	0	1	0.636184
N/A	0	1	0.461531
N/A	0	1	0.596597
N/A	0	1	0
N/A	0	1	0.564327
N/A	0	1	0.361539
N/A	0	1	0.764835
N/A	0	1	1.07031
N/A	0	1	0.739506
N/A	0	1	0.975253
N/A	0	1	1.30484
N/A	0	1	0.419276
N/A	0	1	1.02697
N/A	0	1	0.482056
N/A	0	1	0.879595
N/A	0	1	1.13043
N/A	0	1	0
N/A	0	1	0.974736
N/A	0	1	0.78694
N/A	0	1	0.693588
N/A	0	1	0.850568
N/A	0	1	0.74159
N/A	0	1	0.999655
N/A	0	1	0.591721
N/A	0	1	0.990062
N/A	0	1	0.792682
N/A	0	1	0.882497
N/A	0	1	0.602908
N/A	0	1	0.911396
N/A	0	1	0.3013
N/A	0	1	0.630197
N/A	0	1	0.666589
N/A	0	1	0
N/A	0	1	0.360786
N/A	0	1	0.549914
N/A	0	1	1.01254
N/A	0	1	0.937028
N/A	0	1	0
N/A	0	1	0.313148
N/A	0	1	0.676958
N/A	0	1	0.903194
N/A	0	1	1.07432
N/A	0	1	0.810706
N/A	0	1	1.04629
N/A	0	1	0.963425
N/A	0	1	0
N/A	0	1	0.923759
N/A	0	1	0.623422
N/A	0	1	1.01055
N/A	0	1	1.06537
N/A	0	1	0.812752
N/A	0	1	1.1527
N/A	0	1	0.927867
N/A	0	1	0.733709
N/A	0	1	0.751026
N/A	0	1	0.684592
N/A	0	1	0.676839
N/A	0	1	0
N/A	0	1	0.709592
N/A	0	1	0.779558
N/A	0	1	0.766938
N/A	0	1	0.537958
N/A	0	1	0.920828
N/A	0	1	1.04073
N/A	0	1	0.901983
N/A	0	1	0.957137
N/A	0	1	1.03212
N/A	0	1	0.715231
N/A	0	1	0.6044
N/A	0	1	0.602388
N/A	0	1	1.10857
N/A	0	1	1.15015
N/A	0	1	0.971463
N/A	0	1	0.654557
N/A	0	1	0.635005
N/A	0	1	0.679201
N/A	0	1	0.036365
N/A	0	1	0.905857
N/A	0	1	0.399859
N/A	0	1	0
N/A	0	1	0
N/A	0	1	1.01645
N/A	0	1	0
N/A	0	1	0.577484
N/A	0	1	0.293399
N/A	0	1	0.906492
N/A	0	1	0.79196
N/A	0	1	0.988715
N/A	0	1	0.617363
N/A	0	1	0.906842
N/A	0	1	0.214549
N/A	0	1	0
N/A	0	1	1.15121
N/A	0	1	0.625801
N/A	0	1	0.374443
N/A	0	1	1.13624
N/A	0	1	1.30329
N/A	0	1	0
N/A	0	1	0.750134
N/A	0	1	0.855634
N/A	0	1	1.00803
N/A	0	1	0.383644
N/A	0	1	0
N/A	0	1	0.937967
N/A	0	1	0.908542
N/A	0	1	1.00037
N/A	0	1	0.982415
N/A	0	1	0
N/A	0	1	0.694281
N/A	0	1	0
N/A	0	1	0.386539
N/A	0	1	0
N/A	0	1	0.627129
N/A	0	1	1.05393
N/A	0	1	0.490474
N/A	0	1	1.03555
N/A	0	1	0.817595
N/A	0	1	0.369046
N/A	0	1	0.464047
N/A	0	1	0.961152
N/A	0	1	0.915271
N/A	0	1	0.409774
N/A	0	1	0.422689
N/A	0	1	0.651746
N/A	0	1	0
N/A	0	1	0.781932
N/A	0	1	0.273335
N/A	0	1	0
N/A	0	1	1.01561
N/A	0	1	0.456499
N/A	0	1	0.704858
N/A	0	1	0.780393
N/A	0	1	0.639632
N/A	0	1	0.958358
N/A	0	1	0.867844
N/A	0	1	0.893386
N/A	0	1	0.883861
N/A	0	1	1.12261
N/A	0	1	0.709733
N/A	0	1	0.971385
N/A	0	1	1.08962
N/A	0	1	0
N/A	0	1	0.590836
N/A	0	1	0.829765
N/A	0	1	0
N/A	0	1	0.993289
N/A	0	1	0.480874
N/A	0	1	0.826559
N/A	0	1	0.904798
N/A	0	1	0.40579
N/A	0	1	1.00287
N/A	0	1	1.00984
N/A	0	1	0.905902
N/A	0	1	0.713463
N/A	0	1	0.298037
N/A	0	1	0.982462
N/A	0	1	0.559033
N/A	0	1	0.81099
N/A	0	1	0
N/A	0	1	0.444237
N/A	0	1	1.0289
N/A	0	1	0.867993
N/A	0	1	1.04132
N/A	0	1	0.873108
