sim_id	distance	allele0	allele1
SimX	0.000944  	1	1.55
SimX	0.00108   	1	1.5
SimX	0.00112   	1	1.5
SimX	0.00121   	1	1.55
SimX	0.00122   	1	1.45
SimX	0.00126   	1	1.4
SimX	0.0013    	1	1.45
SimX	0.0013    	1	1.4
SimX	0.00136   	1	1.45
SimX	0.00142   	1	1.6
SimX	0.00144   	1	1.55
SimX	0.00145   	1	1.45
SimX	0.00146   	1	1.45
SimX	0.00146   	1	1.45
SimX	0.00148   	1	1.5
SimX	0.0015    	1	1.45
SimX	0.00152   	1	1.45
SimX	0.00152   	1	1.6
SimX	0.00158   	1	1.5
SimX	0.00158   	1	1.45
SimX	0.00158   	1	1.55
SimX	0.0016    	1	1.55
SimX	0.00162   	1	1.4
SimX	0.00162   	1	1.45
SimX	0.00162   	1	1.55
SimX	0.00164   	1	1.45
SimX	0.00166   	1	1.7
SimX	0.00166   	1	1.55
SimX	0.00166   	1	1.5
SimX	0.00166   	1	1.55
SimX	0.00172   	1	1.6
SimX	0.00172   	1	1.4
SimX	0.00174   	1	1.45
SimX	0.00176   	1	1.6
SimX	0.00184   	1	1.4
SimX	0.00184   	1	1.5
SimX	0.00186   	1	1.55
SimX	0.0019    	1	1.6
SimX	0.00194   	1	1.55
SimX	0.00194   	1	1.4
SimX	0.002     	1	1.45
SimX	0.002     	1	1.45
SimX	0.002     	1	1.55
SimX	0.002     	1	1.5
SimX	0.00202   	1	1.45
SimX	0.00202   	1	1.6
SimX	0.00204   	1	1.5
SimX	0.00204   	1	1.6
SimX	0.00206   	1	1.45
SimX	0.00208   	1	1.4
SimX	0.00208   	1	1.4
SimX	0.00212   	1	1.5
SimX	0.00212   	1	1.4
SimX	0.00214   	1	1.4
SimX	0.00214   	1	1.4
SimX	0.00214   	1	1.4
SimX	0.00216   	1	1.45
SimX	0.00218   	1	1.5
SimX	0.00218   	1	1.4
SimX	0.00218   	1	1.5
SimX	0.00218   	1	1.5
SimX	0.00222   	1	1.45
SimX	0.00224   	1	1.4
SimX	0.00224   	1	1.4
SimX	0.00224   	1	1.4
SimX	0.00224   	1	1.6
SimX	0.00226   	1	1.45
SimX	0.00228   	1	1.65
SimX	0.00228   	1	1.65
SimX	0.0023    	1	1.65
SimX	0.0023    	1	1.55
SimX	0.00232   	1	1.65
SimX	0.00232   	1	1.45
SimX	0.00232   	1	1.4
SimX	0.00232   	1	1.65
SimX	0.00234   	1	1.5
SimX	0.00234   	1	1.5
SimX	0.00236   	1	1.6
SimX	0.00236   	1	1.55
SimX	0.00238   	1	1.65
SimX	0.00238   	1	1.65
SimX	0.0024    	1	1.45
SimX	0.00242   	1	1.45
SimX	0.00242   	1	1.4
SimX	0.00244   	1	1.45
SimX	0.00246   	1	1.45
SimX	0.00246   	1	1.45
SimX	0.00248   	1	1.5
SimX	0.0025    	1	1.45
SimX	0.0025    	1	1.6
SimX	0.0025    	1	1.3
SimX	0.0025    	1	1.65
SimX	0.0025    	1	1.6
SimX	0.0025    	1	1.55
SimX	0.0025    	1	1.45
SimX	0.0025    	1	1.45
SimX	0.00252   	1	1.45
SimX	0.00254   	1	1.7
SimX	0.00254   	1	1.4
SimX	0.00254   	1	1.45
SimX	0.00254   	1	1.5
SimX	0.00254   	1	1.45
SimX	0.00254   	1	1.45
SimX	0.00254   	1	1.5
SimX	0.00255   	1	1.4
SimX	0.00256   	1	1.55
SimX	0.00256   	1	1.7
SimX	0.00258   	1	1.4
SimX	0.00258   	1	1.5
SimX	0.0026    	1	1.4
SimX	0.0026    	1	1.45
SimX	0.0026    	1	1.4
SimX	0.0026    	1	1.45
SimX	0.0026    	1	1.45
SimX	0.0026    	1	1.7
SimX	0.0026    	1	1.45
SimX	0.00261   	1	1.4
SimX	0.00262   	1	1.6
SimX	0.00262   	1	1.7
SimX	0.00264   	1	1.4
SimX	0.00264   	1	1.55
SimX	0.00266   	1	1.45
SimX	0.00266   	1	1.65
SimX	0.00268   	1	1.4
SimX	0.0027    	1	1.4
SimX	0.0027    	1	1.5
SimX	0.00272   	1	1.35
SimX	0.00272   	1	1.35
SimX	0.00272   	1	1.6
SimX	0.00272   	1	1.45
SimX	0.00272   	1	1.45
SimX	0.00272   	1	1.6
SimX	0.00274   	1	1.45
SimX	0.00274   	1	1.35
SimX	0.00274   	1	1.4
SimX	0.00274   	1	1.7
SimX	0.00274   	1	1.6
SimX	0.00276   	1	1.45
SimX	0.00278   	1	1.35
SimX	0.00278   	1	1.45
SimX	0.00278   	1	1.45
SimX	0.00278   	1	1.6
SimX	0.00278   	1	1.5
SimX	0.00282   	1	1.65
SimX	0.00284   	1	1.35
SimX	0.00284   	1	1.4
SimX	0.00285   	1	1.45
SimX	0.00286   	1	1.4
SimX	0.00286   	1	1.3
SimX	0.00286   	1	1.5
SimX	0.00286   	1	1.4
SimX	0.00288   	1	1.45
SimX	0.00288   	1	1.4
SimX	0.00288   	1	1.4
SimX	0.00288   	1	1.45
SimX	0.0029    	1	1.45
SimX	0.0029    	1	1.5
SimX	0.00292   	1	1.3
SimX	0.00292   	1	1.4
SimX	0.00294   	1	1.45
SimX	0.00294   	1	1.35
SimX	0.00294   	1	1.4
SimX	0.00294   	1	1.45
SimX	0.00294   	1	1.45
SimX	0.00295   	1	1.35
SimX	0.00296   	1	1.5
SimX	0.00296   	1	1.4
SimX	0.00296   	1	1.35
SimX	0.00298   	1	1.35
SimX	0.00298   	1	1.5
SimX	0.00298   	1	1.35
SimX	0.00298   	1	1.55
SimX	0.003     	1	1.7
SimX	0.00302   	1	1.4
SimX	0.00302   	1	1.4
SimX	0.00302   	1	1.6
SimX	0.00303   	1	1.55
SimX	0.00304   	1	1.45
SimX	0.00304   	1	1.45
SimX	0.00304   	1	1.45
SimX	0.00306   	1	1.45
SimX	0.00306   	1	1.5
SimX	0.00308   	1	1.35
SimX	0.00308   	1	1.6
SimX	0.00308   	1	1.4
SimX	0.00308   	1	1.55
SimX	0.00308   	1	1.45
SimX	0.00308   	1	1.4
SimX	0.0031    	1	1.45
SimX	0.0031    	1	1.45
SimX	0.0031    	1	1.6
SimX	0.0031    	1	1.5
SimX	0.0031    	1	1.35
SimX	0.0031    	1	1.65
SimX	0.00312   	1	1.4
SimX	0.00312   	1	1.4
SimX	0.00312   	1	1.4
SimX	0.00314   	1	1.4
SimX	0.00314   	1	1.45
SimX	0.00314   	1	1.35
SimX	0.00314   	1	1.65
SimX	0.00316   	1	1.4
SimX	0.00316   	1	1.4
SimX	0.00316   	1	1.45
SimX	0.00318   	1	1.4
SimX	0.00318   	1	1.35
SimX	0.00318   	1	1.4
SimX	0.00318   	1	1.5
SimX	0.00319   	1	1.5
SimX	0.00321   	1	1.45
SimX	0.00322   	1	1.35
SimX	0.00322   	1	1.35
SimX	0.00322   	1	1.35
SimX	0.00322   	1	1.45
SimX	0.00322   	1	1.4
SimX	0.00322   	1	1.4
SimX	0.00322   	1	1.35
SimX	0.00322   	1	1.55
SimX	0.00324   	1	1.4
SimX	0.00324   	1	1.5
SimX	0.00324   	1	1.4
SimX	0.00324   	1	1.7
SimX	0.00326   	1	1.35
SimX	0.00326   	1	1.45
SimX	0.00326   	1	1.5
SimX	0.00326   	1	1.45
SimX	0.00326   	1	1.6
SimX	0.00328   	1	1.35
SimX	0.00328   	1	1.45
SimX	0.00328   	1	1.4
SimX	0.0033    	1	1.3
SimX	0.0033    	1	1.45
SimX	0.0033    	1	1.7
SimX	0.0033    	1	1.45
SimX	0.0033    	1	1.4
SimX	0.0033    	1	1.4
SimX	0.0033    	1	1.4
SimX	0.0033    	1	1.45
SimX	0.0033    	1	1.45
SimX	0.00332   	1	1.5
SimX	0.00332   	1	1.4
SimX	0.00332   	1	1.35
SimX	0.00332   	1	1.4
SimX	0.00334   	1	1.4
SimX	0.00334   	1	1.4
SimX	0.00336   	1	1.35
SimX	0.00336   	1	1.4
SimX	0.00336   	1	1.4
SimX	0.00338   	1	1.3
SimX	0.00338   	1	1.4
SimX	0.00338   	1	1.45
SimX	0.00338   	1	1.4
SimX	0.00338   	1	1.6
SimX	0.00338   	1	1.45
SimX	0.00338   	1	1.4
SimX	0.00339   	1	1.45
SimX	0.0034    	1	1.35
SimX	0.0034    	1	1.35
SimX	0.00342   	1	1.45
SimX	0.00342   	1	1.45
SimX	0.00342   	1	1.45
SimX	0.00342   	1	1.7
SimX	0.00344   	1	1.35
SimX	0.00344   	1	1.35
SimX	0.00346   	1	1.45
SimX	0.00346   	1	1.4
SimX	0.00346   	1	1.5
SimX	0.00346   	1	1.45
SimX	0.00346   	1	1.8
SimX	0.00348   	1	1.4
SimX	0.00348   	1	1.75
SimX	0.00348   	1	1.45
SimX	0.0035    	1	1.4
SimX	0.0035    	1	1.45
SimX	0.0035    	1	1.35
SimX	0.0035    	1	1.4
SimX	0.00351   	1	1.5
SimX	0.00352   	1	1.35
SimX	0.00352   	1	1.4
SimX	0.00352   	1	1.35
SimX	0.00352   	1	1.35
SimX	0.00352   	1	1.4
SimX	0.00352   	1	1.35
SimX	0.00352   	1	1.45
SimX	0.00354   	1	1.3
SimX	0.00354   	1	1.5
SimX	0.00356   	1	1.45
SimX	0.00356   	1	1.3
SimX	0.00356   	1	1.45
SimX	0.00356   	1	1.35
SimX	0.00358   	1	1.35
SimX	0.00358   	1	1.4
SimX	0.00358   	1	1.45
SimX	0.00358   	1	1.55
SimX	0.00358   	1	1.7
SimX	0.0036    	1	1.35
SimX	0.0036    	1	1.3
SimX	0.0036    	1	1.45
SimX	0.0036    	1	1.55
SimX	0.0036    	1	1.4
SimX	0.00362   	1	1.4
SimX	0.00362   	1	1.4
SimX	0.00362   	1	1.4
SimX	0.00364   	1	1.35
SimX	0.00364   	1	1.2
SimX	0.00364   	1	1.4
SimX	0.00364   	1	1.3
SimX	0.00364   	1	1.45
SimX	0.00366   	1	1.4
SimX	0.00366   	1	1.35
SimX	0.00366   	1	1.4
SimX	0.00366   	1	1.35
SimX	0.00366   	1	1.7
SimX	0.00366   	1	1.45
SimX	0.00368   	1	1.35
SimX	0.00368   	1	1.45
SimX	0.00368   	1	1.4
SimX	0.0037    	1	1.45
SimX	0.0037    	1	1.5
SimX	0.0037    	1	1.35
SimX	0.0037    	1	1.6
SimX	0.00372   	1	1.4
SimX	0.00372   	1	1.4
SimX	0.00372   	1	1.5
SimX	0.00372   	1	1.4
SimX	0.00372   	1	1.45
SimX	0.00372   	1	1.3
SimX	0.00372   	1	1.75
SimX	0.00374   	1	1.35
SimX	0.00374   	1	1.35
SimX	0.00374   	1	1.35
SimX	0.00374   	1	1.45
SimX	0.00376   	1	1.4
SimX	0.00376   	1	1.45
SimX	0.00376   	1	1.35
SimX	0.00376   	1	1.45
SimX	0.00376   	1	1.4
SimX	0.00378   	1	1.6
SimX	0.00378   	1	1.45
SimX	0.00378   	1	1.4
SimX	0.00378   	1	1.5
SimX	0.00378   	1	1.4
SimX	0.00378   	1	1.6
SimX	0.00378   	1	1.4
SimX	0.00379   	1	1.6
SimX	0.0038    	1	1.45
SimX	0.0038    	1	1.35
SimX	0.0038    	1	1.35
SimX	0.0038    	1	1.35
SimX	0.00382   	1	1.35
SimX	0.00382   	1	1.4
SimX	0.00382   	1	1.35
SimX	0.00382   	1	1.4
SimX	0.00382   	1	1.4
SimX	0.00382   	1	1.45
SimX	0.00384   	1	1.35
SimX	0.00386   	1	1.3
SimX	0.00386   	1	1.4
SimX	0.00386   	1	1.35
SimX	0.00386   	1	1.4
SimX	0.00386   	1	1.5
SimX	0.00386   	1	1.4
SimX	0.00388   	1	1.4
SimX	0.00388   	1	1.35
SimX	0.00388   	1	1.65
SimX	0.00388   	1	1.4
SimX	0.00388   	1	1.35
SimX	0.00388   	1	1.3
SimX	0.00388   	1	1.45
SimX	0.00388   	1	1.55
SimX	0.00388   	1	1.35
SimX	0.00388   	1	1.7
SimX	0.0039    	1	1.65
SimX	0.0039    	1	1.35
SimX	0.00392   	1	1.4
SimX	0.00392   	1	1.4
SimX	0.00392   	1	1.35
SimX	0.00392   	1	1.35
SimX	0.00392   	1	1.4
SimX	0.00392   	1	1.4
SimX	0.00392   	1	1.4
SimX	0.00392   	1	1.35
SimX	0.00392   	1	1.35
SimX	0.00393   	1	1.35
SimX	0.00394   	1	1.3
SimX	0.00394   	1	1.35
SimX	0.00394   	1	1.4
SimX	0.00394   	1	1.35
SimX	0.00394   	1	1.35
SimX	0.00394   	1	1.45
SimX	0.00396   	1	1.4
SimX	0.00396   	1	1.35
SimX	0.00396   	1	1.4
SimX	0.00396   	1	1.35
SimX	0.00396   	1	1.35
SimX	0.00396   	1	1.4
SimX	0.00398   	1	1.4
SimX	0.00398   	1	1.4
SimX	0.00398   	1	1.4
SimX	0.00398   	1	1.4
SimX	0.004     	1	1.45
SimX	0.004     	1	1.35
SimX	0.004     	1	1.4
SimX	0.00402   	1	1.35
SimX	0.00402   	1	1.5
SimX	0.00402   	1	1.3
SimX	0.00402   	1	1.45
SimX	0.00402   	1	1.35
SimX	0.00402   	1	1.75
SimX	0.00404   	1	1.4
SimX	0.00404   	1	1.7
SimX	0.00404   	1	1.3
SimX	0.00404   	1	1.45
SimX	0.00404   	1	1.6
SimX	0.00404   	1	1.45
SimX	0.00406   	1	1.35
SimX	0.00406   	1	1.4
SimX	0.00406   	1	1.3
SimX	0.00406   	1	1.4
SimX	0.00408   	1	1.35
SimX	0.00408   	1	1.4
SimX	0.00408   	1	1.65
SimX	0.00408   	1	1.6
SimX	0.00408   	1	1.45
SimX	0.0041    	1	1.35
SimX	0.0041    	1	1.35
SimX	0.0041    	1	1.6
SimX	0.0041    	1	1.3
SimX	0.0041    	1	1.35
SimX	0.0041    	1	1.35
SimX	0.0041    	1	1.4
SimX	0.0041    	1	1.45
SimX	0.0041    	1	1.45
SimX	0.0041    	1	1.45
SimX	0.0041    	1	1.45
SimX	0.00412   	1	1.6
SimX	0.00412   	1	1.45
SimX	0.00412   	1	1.4
SimX	0.00414   	1	1.35
SimX	0.00414   	1	1.45
SimX	0.00414   	1	1.35
SimX	0.00414   	1	1.45
SimX	0.00414   	1	1.4
SimX	0.00414   	1	1.5
SimX	0.00416   	1	1.35
SimX	0.00416   	1	1.4
SimX	0.00416   	1	1.35
SimX	0.00416   	1	1.3
SimX	0.00416   	1	1.3
SimX	0.00416   	1	1.35
SimX	0.00418   	1	1.35
SimX	0.00418   	1	1.4
SimX	0.00418   	1	1.45
SimX	0.00418   	1	1.4
SimX	0.0042    	1	1.35
SimX	0.0042    	1	1.3
SimX	0.0042    	1	1.2
SimX	0.0042    	1	1.6
SimX	0.0042    	1	1.4
SimX	0.0042    	1	1.45
SimX	0.00422   	1	1.35
SimX	0.00422   	1	1.35
SimX	0.00422   	1	1.4
SimX	0.00422   	1	1.4
SimX	0.00422   	1	1.3
SimX	0.00422   	1	1.45
SimX	0.00424   	1	1.45
SimX	0.00424   	1	1.4
SimX	0.00424   	1	1.55
SimX	0.00426   	1	1.45
SimX	0.00426   	1	1.3
SimX	0.00426   	1	1.35
SimX	0.00428   	1	1.4
SimX	0.00428   	1	1.45
SimX	0.00428   	1	1.45
SimX	0.00428   	1	1.45
SimX	0.00428   	1	1.55
SimX	0.0043    	1	1.45
SimX	0.0043    	1	1.4
SimX	0.00432   	1	1.3
SimX	0.00432   	1	1.3
SimX	0.00432   	1	1.35
SimX	0.00432   	1	1.35
SimX	0.00432   	1	1.45
SimX	0.00432   	1	1.3
SimX	0.00432   	1	1.4
SimX	0.00432   	1	1.45
SimX	0.00434   	1	1.3
SimX	0.00434   	1	1.4
SimX	0.00434   	1	1.4
SimX	0.00434   	1	1.3
SimX	0.00434   	1	1.4
SimX	0.00434   	1	1.4
SimX	0.00436   	1	1.45
SimX	0.00436   	1	1.4
SimX	0.00436   	1	1.65
SimX	0.00436   	1	1.35
SimX	0.00436   	1	1.4
SimX	0.00436   	1	1.45
SimX	0.00436   	1	1.35
SimX	0.00438   	1	1.45
SimX	0.00438   	1	1.25
SimX	0.00438   	1	1.4
SimX	0.0044    	1	1.3
SimX	0.0044    	1	1.35
SimX	0.0044    	1	1.45
SimX	0.0044    	1	1.4
SimX	0.0044    	1	1.7
SimX	0.00442   	1	1.6
SimX	0.00442   	1	1.3
SimX	0.00442   	1	1.3
SimX	0.00442   	1	1.4
SimX	0.00442   	1	1.35
SimX	0.00442   	1	1.4
SimX	0.00444   	1	1.4
SimX	0.00444   	1	1.45
SimX	0.00444   	1	1.45
SimX	0.00446   	1	1.3
SimX	0.00446   	1	1.35
SimX	0.00446   	1	1.4
SimX	0.00446   	1	1.45
SimX	0.00446   	1	1.4
SimX	0.00446   	1	1.4
SimX	0.00446   	1	1.35
SimX	0.00448   	1	1.45
SimX	0.00448   	1	1.5
SimX	0.00448   	1	1.45
SimX	0.00448   	1	1.35
SimX	0.00448   	1	1.35
SimX	0.0045    	1	1.4
SimX	0.0045    	1	1.35
SimX	0.0045    	1	1.4
SimX	0.0045    	1	1.4
SimX	0.0045    	1	1.3
SimX	0.0045    	1	1.35
SimX	0.0045    	1	1.5
SimX	0.0045    	1	1.45
SimX	0.00451   	1	1.45
SimX	0.00452   	1	1.4
SimX	0.00452   	1	1.4
SimX	0.00452   	1	1.35
SimX	0.00452   	1	1.4
SimX	0.00452   	1	1.35
SimX	0.00452   	1	1.45
SimX	0.00452   	1	1.45
SimX	0.00452   	1	1.6
SimX	0.00452   	1	1.4
SimX	0.00454   	1	1.4
SimX	0.00454   	1	1.4
SimX	0.00454   	1	1.4
SimX	0.00456   	1	1.4
SimX	0.00456   	1	1.4
SimX	0.00456   	1	1.5
SimX	0.00456   	1	1.35
SimX	0.00458   	1	1.4
SimX	0.00458   	1	1.4
SimX	0.00458   	1	1.3
SimX	0.00458   	1	1.45
SimX	0.00458   	1	1.35
SimX	0.00458   	1	1.35
SimX	0.00459   	1	1.45
SimX	0.0046    	1	1.45
SimX	0.0046    	1	1.4
SimX	0.0046    	1	1.4
SimX	0.0046    	1	1.3
SimX	0.0046    	1	1.4
SimX	0.0046    	1	1.4
SimX	0.0046    	1	1.25
SimX	0.0046    	1	1.45
SimX	0.00462   	1	1.4
SimX	0.00462   	1	1.3
SimX	0.00462   	1	1.3
SimX	0.00462   	1	1.4
SimX	0.00462   	1	1.4
SimX	0.00464   	1	1.3
SimX	0.00464   	1	1.4
SimX	0.00464   	1	1.35
SimX	0.00464   	1	1.4
SimX	0.00464   	1	1.4
SimX	0.00466   	1	1.35
SimX	0.00466   	1	1.45
SimX	0.00466   	1	1.4
SimX	0.00466   	1	1.35
SimX	0.00466   	1	1.3
SimX	0.00466   	1	1.25
SimX	0.00468   	1	1.3
SimX	0.00468   	1	1.35
SimX	0.0047    	1	1.35
SimX	0.0047    	1	1.5
SimX	0.0047    	1	1.35
SimX	0.0047    	1	1.4
SimX	0.00471   	1	1.6
SimX	0.00472   	1	1.6
SimX	0.00472   	1	1.35
SimX	0.00472   	1	1.3
SimX	0.00472   	1	1.4
SimX	0.00472   	1	1.35
SimX	0.00472   	1	1.4
SimX	0.00472   	1	1.65
SimX	0.00474   	1	1.4
SimX	0.00474   	1	1.4
SimX	0.00474   	1	1.45
SimX	0.00474   	1	1.4
SimX	0.00474   	1	1.3
SimX	0.00474   	1	1.4
SimX	0.00474   	1	1.4
SimX	0.00474   	1	1.55
SimX	0.00474   	1	1.45
SimX	0.00476   	1	1.3
SimX	0.00476   	1	1.4
SimX	0.00476   	1	1.4
SimX	0.00476   	1	1.4
SimX	0.00476   	1	1.35
SimX	0.00476   	1	1.35
SimX	0.00476   	1	1.5
SimX	0.00476   	1	1.4
SimX	0.00476   	1	1.5
SimX	0.00478   	1	1.5
SimX	0.00478   	1	1.4
SimX	0.00478   	1	1.5
SimX	0.00478   	1	1.4
SimX	0.0048    	1	1.6
SimX	0.0048    	1	1.5
SimX	0.0048    	1	1.35
SimX	0.0048    	1	1.35
SimX	0.0048    	1	1.3
SimX	0.0048    	1	1.3
SimX	0.00482   	1	1.35
SimX	0.00482   	1	1.7
SimX	0.00482   	1	1.4
SimX	0.00482   	1	1.4
SimX	0.00484   	1	1.45
SimX	0.00484   	1	1.35
SimX	0.00484   	1	1.6
SimX	0.00484   	1	1.35
SimX	0.00484   	1	1.45
SimX	0.00484   	1	1.55
SimX	0.00484   	1	1.45
SimX	0.00486   	1	1.35
SimX	0.00486   	1	1.4
SimX	0.00486   	1	1.45
SimX	0.00488   	1	1.65
SimX	0.00488   	1	1.3
SimX	0.00488   	1	1.4
SimX	0.00488   	1	1.25
SimX	0.00488   	1	1.4
SimX	0.0049    	1	1.4
SimX	0.0049    	1	1.25
SimX	0.0049    	1	1.35
SimX	0.0049    	1	1.3
SimX	0.0049    	1	1.55
SimX	0.0049    	1	1.45
SimX	0.0049    	1	1.4
SimX	0.0049    	1	1.5
SimX	0.00492   	1	1.35
SimX	0.00492   	1	1.4
SimX	0.00492   	1	1.3
SimX	0.00492   	1	1.3
SimX	0.00492   	1	1.45
SimX	0.00494   	1	1.4
SimX	0.00494   	1	1.3
SimX	0.00494   	1	1.3
SimX	0.00494   	1	1.4
SimX	0.00494   	1	1.4
SimX	0.00495   	1	1.65
SimX	0.00496   	1	1.35
SimX	0.00496   	1	1.45
SimX	0.00496   	1	1.35
SimX	0.00496   	1	1.35
SimX	0.00498   	1	1.4
SimX	0.00498   	1	1.3
SimX	0.00498   	1	1.45
SimX	0.00498   	1	1.5
SimX	0.00498   	1	1.3
SimX	0.00498   	1	1.3
SimX	0.00498   	1	1.3
SimX	0.00498   	1	1.45
SimX	0.00498   	1	1.4
SimX	0.00498   	1	1.3
SimX	0.00498   	1	1.55
SimX	0.00498   	1	1.4
SimX	0.00498   	1	1.4
SimX	0.005     	1	1.25
SimX	0.005     	1	1.45
SimX	0.005     	1	1.25
SimX	0.005     	1	1.45
SimX	0.005     	1	1.3
SimX	0.00502   	1	1.3
SimX	0.00502   	1	1.4
SimX	0.00502   	1	1.5
SimX	0.00502   	1	1.45
SimX	0.00502   	1	1.4
SimX	0.00502   	1	1.35
SimX	0.00502   	1	1.35
SimX	0.00502   	1	1.5
SimX	0.00503   	1	1.35
SimX	0.00504   	1	1.7
SimX	0.00504   	1	1.35
SimX	0.00504   	1	1.4
SimX	0.00504   	1	1.4
SimX	0.00504   	1	1.45
SimX	0.00506   	1	1.35
SimX	0.00506   	1	1.3
SimX	0.00506   	1	1.35
SimX	0.00506   	1	1.3
SimX	0.00506   	1	1.4
SimX	0.00506   	1	1.3
SimX	0.00507   	1	1.6
SimX	0.00508   	1	1.35
SimX	0.00508   	1	1.35
SimX	0.00508   	1	1.3
SimX	0.00508   	1	1.85
SimX	0.00508   	1	1.35
SimX	0.00508   	1	1.4
SimX	0.00508   	1	1.4
SimX	0.00508   	1	1.95
SimX	0.0051    	1	1.3
SimX	0.0051    	1	1.4
SimX	0.0051    	1	1.5
SimX	0.0051    	1	1.25
SimX	0.0051    	1	1.3
SimX	0.0051    	1	1.35
SimX	0.0051    	1	1.35
SimX	0.0051    	1	1.3
SimX	0.0051    	1	1.35
SimX	0.0051    	1	1.8
SimX	0.00512   	1	1.4
SimX	0.00512   	1	1.35
SimX	0.00512   	1	1.4
SimX	0.00512   	1	1.4
SimX	0.00512   	1	1.4
SimX	0.00512   	1	1.35
SimX	0.00512   	1	1.5
SimX	0.00512   	1	1.45
SimX	0.00512   	1	1.55
SimX	0.00512   	1	1.55
SimX	0.00514   	1	1.2
SimX	0.00514   	1	1.25
SimX	0.00514   	1	1.3
SimX	0.00514   	1	1.3
SimX	0.00514   	1	1.25
SimX	0.00514   	1	1.25
SimX	0.00514   	1	1.4
SimX	0.00514   	1	1.35
SimX	0.00516   	1	1.3
SimX	0.00516   	1	1.35
SimX	0.00516   	1	1.3
SimX	0.00516   	1	1.35
SimX	0.00518   	1	1.3
SimX	0.00518   	1	1.3
SimX	0.00518   	1	1.3
SimX	0.00518   	1	1.35
SimX	0.0052    	1	1.35
SimX	0.0052    	1	1.45
SimX	0.0052    	1	1.4
SimX	0.0052    	1	1.3
SimX	0.0052    	1	1.3
SimX	0.0052    	1	1.35
SimX	0.0052    	1	1.45
SimX	0.0052    	1	1.55
SimX	0.00522   	1	1.3
SimX	0.00522   	1	1.3
SimX	0.00522   	1	1.35
SimX	0.00522   	1	1.3
SimX	0.00522   	1	1.3
SimX	0.00522   	1	1.45
SimX	0.00522   	1	1.45
SimX	0.00522   	1	1.45
SimX	0.00522   	1	1.4
SimX	0.00524   	1	1.3
SimX	0.00524   	1	1.35
SimX	0.00524   	1	1.3
SimX	0.00524   	1	1.3
SimX	0.00524   	1	1.4
SimX	0.00524   	1	1.3
SimX	0.00524   	1	1.55
SimX	0.00526   	1	1.45
SimX	0.00526   	1	1.4
SimX	0.00526   	1	1.3
SimX	0.00526   	1	1.3
SimX	0.00526   	1	1.3
SimX	0.00526   	1	1.35
SimX	0.00528   	1	1.45
SimX	0.00528   	1	1.3
SimX	0.00528   	1	1.35
SimX	0.00528   	1	1.3
SimX	0.00528   	1	1.3
SimX	0.00528   	1	1.45
SimX	0.00528   	1	1.3
SimX	0.00528   	1	1.3
SimX	0.00528   	1	1.45
SimX	0.00528   	1	1.25
SimX	0.00528   	1	1.4
SimX	0.00528   	1	1.35
SimX	0.00528   	1	1.25
SimX	0.00528   	1	1.6
SimX	0.0053    	1	1.45
SimX	0.0053    	1	1.55
SimX	0.0053    	1	1.3
SimX	0.0053    	1	1.35
SimX	0.0053    	1	1.4
SimX	0.0053    	1	1.4
SimX	0.00532   	1	1.6
SimX	0.00532   	1	1.4
SimX	0.00532   	1	1.3
SimX	0.00532   	1	1.3
SimX	0.00532   	1	1.35
SimX	0.00532   	1	1.45
SimX	0.00532   	1	1.55
SimX	0.00534   	1	1.45
SimX	0.00534   	1	1.4
SimX	0.00534   	1	1.45
SimX	0.00534   	1	1.3
SimX	0.00534   	1	1.35
SimX	0.00534   	1	1.4
SimX	0.00534   	1	1.45
SimX	0.00534   	1	1.3
SimX	0.00534   	1	1.4
SimX	0.00534   	1	1.35
SimX	0.00534   	1	1.35
SimX	0.00536   	1	1.3
SimX	0.00536   	1	1.25
SimX	0.00536   	1	1.3
SimX	0.00536   	1	1.4
SimX	0.00536   	1	1.4
SimX	0.00536   	1	1.4
SimX	0.00536   	1	1.35
SimX	0.00536   	1	1.4
SimX	0.00536   	1	1.4
SimX	0.00536   	1	1.3
SimX	0.00536   	1	1.3
SimX	0.00538   	1	1.35
SimX	0.00538   	1	1.35
SimX	0.00538   	1	1.35
SimX	0.00538   	1	1.5
SimX	0.0054    	1	1.35
SimX	0.0054    	1	1.3
SimX	0.0054    	1	1.3
SimX	0.0054    	1	1.4
SimX	0.00542   	1	1.4
SimX	0.00542   	1	1.35
SimX	0.00542   	1	1.3
SimX	0.00542   	1	1.6
SimX	0.00544   	1	1.45
SimX	0.00544   	1	1.55
SimX	0.00544   	1	1.6
SimX	0.00544   	1	1.25
SimX	0.00544   	1	1.45
SimX	0.00546   	1	1.35
SimX	0.00546   	1	1.35
SimX	0.00546   	1	1.45
SimX	0.00546   	1	1.45
SimX	0.00546   	1	1.45
SimX	0.00546   	1	1.65
SimX	0.00546   	1	1.4
SimX	0.00548   	1	1.4
SimX	0.00548   	1	1.3
SimX	0.00548   	1	1.3
SimX	0.00548   	1	1.35
SimX	0.00548   	1	1.6
SimX	0.00548   	1	1.25
SimX	0.00548   	1	1.35
SimX	0.00548   	1	1.3
SimX	0.0055    	1	1.35
SimX	0.0055    	1	1.2
SimX	0.0055    	1	1.3
SimX	0.0055    	1	1.45
SimX	0.0055    	1	1.35
SimX	0.0055    	1	1.35
SimX	0.0055    	1	1.3
SimX	0.0055    	1	1.4
SimX	0.0055    	1	1.4
SimX	0.00552   	1	1.3
SimX	0.00552   	1	1.4
SimX	0.00552   	1	1.4
SimX	0.00552   	1	1.3
SimX	0.00554   	1	1.6
SimX	0.00554   	1	1.4
SimX	0.00554   	1	1.45
SimX	0.00554   	1	1.35
SimX	0.00556   	1	1.3
SimX	0.00556   	1	1.4
SimX	0.00556   	1	1.35
SimX	0.00556   	1	1.3
SimX	0.00556   	1	1.4
SimX	0.00556   	1	1.35
SimX	0.00556   	1	1.35
SimX	0.00556   	1	1.4
SimX	0.00558   	1	1.3
SimX	0.00558   	1	1.35
SimX	0.00558   	1	1.5
SimX	0.00558   	1	1.35
SimX	0.00558   	1	1.3
SimX	0.00558   	1	1.35
SimX	0.00558   	1	1.3
SimX	0.00558   	1	1.4
SimX	0.00558   	1	1.4
SimX	0.00558   	1	1.5
SimX	0.0056    	1	1.3
SimX	0.0056    	1	1.4
SimX	0.0056    	1	1.35
SimX	0.0056    	1	1.3
SimX	0.0056    	1	1.4
SimX	0.0056    	1	1.2
SimX	0.0056    	1	1.55
SimX	0.0056    	1	1.55
SimX	0.00562   	1	1.2
SimX	0.00562   	1	1.4
SimX	0.00562   	1	1.3
SimX	0.00562   	1	1.35
SimX	0.00562   	1	1.45
SimX	0.00562   	1	1.35
SimX	0.00562   	1	1.5
SimX	0.00562   	1	1.5
SimX	0.00562   	1	1.7
SimX	0.00564   	1	1.25
SimX	0.00564   	1	1.35
SimX	0.00564   	1	1.55
SimX	0.00564   	1	1.4
SimX	0.00564   	1	1.3
SimX	0.00564   	1	1.45
SimX	0.00564   	1	1.4
SimX	0.00564   	1	1.35
SimX	0.00564   	1	1.55
SimX	0.00566   	1	1.4
SimX	0.00566   	1	1.35
SimX	0.00566   	1	1.3
SimX	0.00566   	1	1.4
SimX	0.00566   	1	1.45
SimX	0.00568   	1	1.35
SimX	0.00568   	1	1.35
SimX	0.00568   	1	1.3
SimX	0.00568   	1	1.3
SimX	0.00568   	1	1.3
SimX	0.00568   	1	1.4
SimX	0.0057    	1	1.35
SimX	0.0057    	1	1.35
SimX	0.0057    	1	1.35
SimX	0.0057    	1	1.35
SimX	0.0057    	1	1.3
SimX	0.0057    	1	1.2
SimX	0.0057    	1	1.25
SimX	0.0057    	1	1.3
SimX	0.00572   	1	1.35
SimX	0.00572   	1	1.3
SimX	0.00574   	1	1.3
SimX	0.00574   	1	1.3
SimX	0.00574   	1	1.35
SimX	0.00574   	1	1.3
SimX	0.00574   	1	1.25
SimX	0.00574   	1	1.3
SimX	0.00574   	1	1.35
SimX	0.00574   	1	1.4
SimX	0.00574   	1	1.4
SimX	0.00574   	1	1.35
SimX	0.00574   	1	1.4
SimX	0.00574   	1	1.35
SimX	0.00576   	1	1.3
SimX	0.00576   	1	1.3
SimX	0.00576   	1	1.35
SimX	0.00576   	1	1.45
SimX	0.00576   	1	1.4
SimX	0.00576   	1	1.35
SimX	0.00578   	1	1.35
SimX	0.00578   	1	1.25
SimX	0.00578   	1	1.25
SimX	0.00578   	1	1.3
SimX	0.00578   	1	1.25
SimX	0.00578   	1	1.25
SimX	0.00578   	1	1.25
SimX	0.00578   	1	1.35
SimX	0.00578   	1	1.35
SimX	0.00579   	1	1.4
SimX	0.0058    	1	1.3
SimX	0.0058    	1	1.35
SimX	0.0058    	1	1.4
SimX	0.0058    	1	1.45
SimX	0.0058    	1	1.35
SimX	0.0058    	1	1.55
SimX	0.0058    	1	1.3
SimX	0.0058    	1	1.4
SimX	0.0058    	1	1.45
SimX	0.0058    	1	1.5
SimX	0.00582   	1	1.3
SimX	0.00582   	1	1.3
SimX	0.00582   	1	1.3
SimX	0.00584   	1	1.3
SimX	0.00584   	1	1.4
SimX	0.00584   	1	1.35
SimX	0.00584   	1	1.4
SimX	0.00584   	1	1.3
SimX	0.00584   	1	1.3
SimX	0.00584   	1	1.3
SimX	0.00584   	1	1.4
SimX	0.00584   	1	1.7
SimX	0.00585   	1	1.4
SimX	0.00586   	1	1.3
SimX	0.00586   	1	1.35
SimX	0.00586   	1	1.2
SimX	0.00586   	1	1.35
